Depth	MS corr
0	1.2869E+1
1	1.4852E+1
2	1.4836E+1
3	1.3819E+1
4	1.3803E+1
5	1.3786E+1
6	1.4770E+1
7	1.5753E+1
8	1.6737E+1
9	1.7721E+1
10	1.9704E+1
11	1.9688E+1
12	1.6671E+1
13	1.4654E+1
14	1.4638E+1
15	1.3621E+1
16	1.4605E+1
17	1.4588E+1
18	1.4572E+1
19	1.4555E+1
20	1.4539E+1
21	1.3522E+1
22	1.3506E+1
23	1.4489E+1
24	1.4473E+1
25	1.5456E+1
26	1.5440E+1
27	1.6423E+1
28	1.6407E+1
29	1.6390E+1
30	1.6374E+1
31	1.6357E+1
32	1.6341E+1
33	1.6324E+1
34	1.5308E+1
35	1.5291E+1
36	1.5275E+1
37	1.5258E+1
38	1.6242E+1
39	1.6225E+1
40	1.5209E+1
41	1.4192E+1
42	1.4176E+1
43	1.3159E+1
44	1.3143E+1
45	1.4127E+1
46	1.3110E+1
47	1.3094E+1
48	1.3078E+1
49	1.2062E+1
50	1.2046E+1
51	8.0299E+0
52	4.0138E+0
52	1.1928E+1
53	1.5919E+1
54	1.7909E+1
55	1.6900E+1
56	1.6891E+1
57	1.5882E+1
58	1.4872E+1
59	1.4863E+1
60	1.3854E+1
61	1.2845E+1
62	1.2836E+1
63	1.2826E+1
64	1.1817E+1
65	1.2808E+1
66	1.2798E+1
67	1.4789E+1
68	1.4780E+1
69	1.4771E+1
70	1.3761E+1
71	1.2752E+1
72	1.2743E+1
73	1.2734E+1
74	1.2724E+1
75	1.3715E+1
76	1.3706E+1
77	1.3697E+1
78	1.3687E+1
79	1.3678E+1
80	1.2669E+1
81	1.2660E+1
82	1.1651E+1
83	1.2641E+1
84	1.2632E+1
85	1.1623E+1
86	1.1614E+1
87	1.2604E+1
88	1.3595E+1
89	1.3586E+1
90	1.3576E+1
91	1.3567E+1
92	1.3558E+1
93	1.3549E+1
94	1.3540E+1
95	1.4530E+1
96	1.4521E+1
97	1.4512E+1
98	1.4503E+1
99	1.3493E+1
100	1.4484E+1
101	1.5475E+1
102	1.5466E+1
103	1.5457E+1
104	1.6447E+1
105	1.6438E+1
106	1.6429E+1
107	1.6420E+1
108	1.6411E+1
109	1.6401E+1
110	1.6392E+1
111	1.6383E+1
112	1.7374E+1
113	1.7365E+1
114	1.8355E+1
115	1.9346E+1
116	2.0337E+1
117	2.0328E+1
118	2.1319E+1
119	2.2309E+1
120	2.2300E+1
121	2.3291E+1
122	2.3282E+1
123	2.3273E+1
124	2.3263E+1
125	2.2254E+1
126	2.3245E+1
127	2.2236E+1
128	2.3227E+1
129	2.2217E+1
130	2.2208E+1
131	2.2199E+1
132	2.2190E+1
133	2.1181E+1
134	2.0171E+1
135	1.8162E+1
136	1.9153E+1
137	1.9144E+1
138	1.8135E+1
139	1.8126E+1
140	1.7116E+1
141	1.6107E+1
142	1.7098E+1
143	1.8089E+1
144	1.8080E+1
145	1.8071E+1
146	1.8062E+1
147	1.8053E+1
148	1.8044E+1
149	1.6035E+1
150	1.3026E+1
151	9.0167E+0
152	4.0077E+0
152	1.1712E+1
153	1.5676E+1
154	1.9639E+1
155	2.0602E+1
156	2.0565E+1
157	2.0527E+1
158	2.0491E+1
159	1.9454E+1
160	1.9417E+1
161	1.9380E+1
162	1.8344E+1
163	1.8307E+1
164	1.6269E+1
165	1.5232E+1
166	1.4195E+1
167	1.5158E+1
168	1.4120E+1
169	1.4083E+1
170	1.4047E+1
171	1.5010E+1
172	1.5973E+1
173	1.6936E+1
174	1.6899E+1
175	1.7861E+1
176	1.6825E+1
177	1.7788E+1
178	1.7750E+1
179	1.8714E+1
180	1.7677E+1
181	1.8640E+1
182	1.8603E+1
183	1.6567E+1
184	1.7530E+1
185	1.9493E+1
186	1.8455E+1
187	1.9419E+1
188	1.9382E+1
189	1.9345E+1
190	2.0308E+1
191	2.0272E+1
192	2.1234E+1
193	2.1197E+1
194	2.1160E+1
195	2.0123E+1
196	1.9086E+1
197	2.0049E+1
198	1.8013E+1
199	1.8976E+1
200	1.8939E+1
201	1.9902E+1
202	2.1866E+1
203	2.4829E+1
204	2.5791E+1
205	2.7755E+1
206	2.7718E+1
207	2.6681E+1
208	2.7644E+1
209	2.6607E+1
210	2.5570E+1
211	2.4533E+1
212	2.3497E+1
213	2.2460E+1
214	2.2423E+1
215	2.2386E+1
216	2.3350E+1
217	2.4313E+1
218	2.5276E+1
219	2.6239E+1
220	2.7202E+1
221	2.7165E+1
222	2.6129E+1
223	2.7092E+1
224	2.8055E+1
225	2.9018E+1
226	2.8982E+1
227	2.9945E+1
228	3.1908E+1
229	3.5871E+1
230	4.1835E+1
231	4.7798E+1
232	5.4761E+1
233	6.2724E+1
234	6.8687E+1
235	7.1650E+1
236	6.7614E+1
237	6.0577E+1
238	5.2540E+1
239	4.0503E+1
240	2.9466E+1
241	2.4429E+1
242	2.2392E+1
243	2.0355E+1
244	2.0319E+1
245	2.1283E+1
246	2.1247E+1
247	2.1211E+1
248	2.2174E+1
249	2.1139E+1
250	1.8103E+1
251	1.2067E+1
252	6.0310E+0
252	1.1000E+1
253	1.5000E+1
254	1.8000E+1
255	1.9000E+1
256	2.1000E+1
257	2.0000E+1
258	2.0000E+1
259	1.8000E+1
260	1.8000E+1
261	2.0000E+1
262	1.8000E+1
263	1.9000E+1
264	1.9000E+1
265	1.8000E+1
266	1.9000E+1
267	1.9000E+1
268	1.9000E+1
269	1.9000E+1
270	1.8000E+1
271	1.8000E+1
272	1.7000E+1
273	1.7000E+1
274	1.7000E+1
275	1.7000E+1
276	1.7000E+1
277	1.6000E+1
278	1.7000E+1
279	1.6000E+1
280	1.6000E+1
281	1.6000E+1
282	1.6000E+1
283	1.6000E+1
284	1.7000E+1
285	1.6000E+1
286	1.6000E+1
287	1.7000E+1
288	1.7000E+1
289	1.7000E+1
290	1.8000E+1
291	1.8000E+1
292	1.8000E+1
293	1.8000E+1
294	1.8000E+1
295	1.7000E+1
296	1.7000E+1
297	1.7000E+1
298	1.6000E+1
299	1.6000E+1
300	1.5000E+1
301	1.6000E+1
302	1.5000E+1
303	1.6000E+1
304	1.6000E+1
305	1.7000E+1
306	1.7000E+1
307	1.7000E+1
308	1.7000E+1
309	1.7000E+1
310	1.8000E+1
311	1.8000E+1
312	1.8000E+1
313	1.8000E+1
314	1.9000E+1
315	2.0000E+1
316	2.1000E+1
317	2.1000E+1
318	2.1000E+1
319	2.0000E+1
320	2.0000E+1
321	1.9000E+1
322	1.8000E+1
323	1.7000E+1
324	1.7000E+1
325	1.7000E+1
326	1.6000E+1
327	1.6000E+1
328	1.6000E+1
329	1.5000E+1
330	1.5000E+1
331	1.5000E+1
332	1.4000E+1
333	1.4000E+1
334	1.5000E+1
335	1.5000E+1
336	1.5000E+1
337	1.4000E+1
338	1.3000E+1
339	1.3000E+1
340	1.2000E+1
341	1.2000E+1
342	1.2000E+1
343	1.1000E+1
344	1.2000E+1
345	1.3000E+1
346	1.3000E+1
347	1.4000E+1
348	1.5000E+1
349	1.4000E+1
350	1.3000E+1
351	1.0000E+1
352	6.0000E+0
352	1.4000E+1
353	1.8000E+1
354	2.1000E+1
355	2.2000E+1
356	2.2000E+1
357	2.2000E+1
358	2.2000E+1
359	2.2000E+1
360	2.1000E+1
361	2.1000E+1
362	2.1000E+1
363	2.1000E+1
364	2.2000E+1
365	2.4000E+1
366	2.5000E+1
367	2.7000E+1
368	3.1000E+1
369	3.4000E+1
370	3.7000E+1
371	3.9000E+1
372	4.0000E+1
373	4.2000E+1
374	4.3000E+1
375	4.7000E+1
376	4.9000E+1
377	5.0000E+1
378	5.1000E+1
379	5.2000E+1
380	5.4000E+1
381	5.2000E+1
382	5.0000E+1
383	4.9000E+1
384	4.8000E+1
385	4.3000E+1
386	3.6000E+1
387	3.2000E+1
388	2.8000E+1
389	2.6000E+1
390	2.5000E+1
391	2.5000E+1
392	2.6000E+1
393	2.6000E+1
394	2.5000E+1
395	2.2000E+1
396	2.1000E+1
397	2.3000E+1
398	2.2000E+1
399	2.2000E+1
400	2.3000E+1
401	2.5000E+1
402	2.6000E+1
403	2.4000E+1
404	2.3000E+1
405	2.2000E+1
406	2.2000E+1
407	2.4000E+1
408	2.7000E+1
409	2.7000E+1
410	2.3000E+1
411	1.7000E+1
412	1.3000E+1
413	1.1000E+1
414	1.2000E+1
415	1.1000E+1
416	1.1000E+1
417	1.0000E+1
418	1.0000E+1
419	1.0000E+1
420	1.1000E+1
421	1.1000E+1
422	1.1000E+1
423	1.1000E+1
424	1.1000E+1
425	1.2000E+1
426	1.3000E+1
427	1.3000E+1
428	1.3000E+1
429	1.4000E+1
430	1.4000E+1
431	1.6000E+1
432	1.6000E+1
433	1.7000E+1
434	1.8000E+1
435	1.9000E+1
436	2.2000E+1
437	2.4000E+1
438	2.6000E+1
439	2.6000E+1
440	2.3000E+1
441	1.9000E+1
442	1.6000E+1
443	1.3000E+1
444	1.3000E+1
445	1.2000E+1
446	1.3000E+1
447	1.4000E+1
448	1.6000E+1
449	1.6000E+1
450	1.3000E+1
451	7.0000E+0
452	4.0000E+0
452	0.0000E+0
453	-1.0000E+0
454	1.0000E+0
455	3.0000E+0
456	7.0000E+0
457	9.0000E+0
458	1.0000E+1
459	1.1000E+1
460	1.1000E+1
461	1.0000E+1
462	1.1000E+1
463	1.1000E+1
464	1.2000E+1
465	1.1000E+1
466	1.1000E+1
467	1.1000E+1
468	1.1000E+1
469	1.1000E+1
470	1.1000E+1
471	1.2000E+1
472	1.1000E+1
473	1.2000E+1
474	1.3000E+1
475	1.2000E+1
476	1.3000E+1
477	1.4000E+1
478	1.4000E+1
479	1.4000E+1
480	1.4000E+1
481	1.4000E+1
482	1.4000E+1
483	1.4000E+1
484	1.3000E+1
485	1.2000E+1
486	1.2000E+1
487	1.2000E+1
488	1.2000E+1
489	1.3000E+1
490	1.3000E+1
491	1.3000E+1
492	1.3000E+1
493	1.3000E+1
494	1.3000E+1
495	1.3000E+1
496	1.3000E+1
497	1.3000E+1
498	1.2000E+1
499	1.3000E+1
500	1.2000E+1
501	1.3000E+1
502	1.3000E+1
503	1.2000E+1
504	1.1000E+1
504	9.1436E+0
505	1.4162E+1
506	1.6181E+1
507	1.6199E+1
508	1.5218E+1
509	1.5236E+1
510	1.4255E+1
511	1.3273E+1
512	1.3292E+1
513	1.4310E+1
514	1.4329E+1
515	1.6347E+1
516	1.7366E+1
517	1.8384E+1
518	1.9403E+1
519	1.9421E+1
520	2.0440E+1
521	2.0458E+1
522	2.1476E+1
523	2.1495E+1
524	2.1513E+1
525	2.0532E+1
526	2.0551E+1
527	1.9569E+1
528	1.8588E+1
529	1.7606E+1
530	1.7625E+1
531	1.6643E+1
532	1.5661E+1
533	1.4680E+1
534	1.4698E+1
535	1.4717E+1
536	1.3735E+1
537	1.3754E+1
538	1.4772E+1
539	1.4791E+1
540	1.4809E+1
541	1.4828E+1
542	1.3846E+1
543	1.3865E+1
544	1.3883E+1
545	1.2902E+1
546	1.2921E+1
547	1.2939E+1
548	1.1957E+1
549	1.1976E+1
550	1.0995E+1
551	1.0013E+1
552	9.0313E+0
553	9.0496E+0
554	9.0684E+0
555	9.0867E+0
556	8.1051E+0
557	8.1234E+0
558	9.1418E+0
559	9.1602E+0
560	9.1786E+0
561	9.1969E+0
562	9.2154E+0
563	9.2337E+0
564	8.2521E+0
565	8.2705E+0
566	8.2889E+0
567	8.3072E+0
568	8.3256E+0
569	8.3440E+0
570	8.3623E+0
571	8.3807E+0
572	8.3991E+0
573	8.4175E+0
574	8.4359E+0
575	8.4542E+0
576	8.4726E+0
577	8.4909E+0
578	8.5093E+0
579	9.5277E+0
580	9.5461E+0
581	9.5649E+0
582	8.5833E+0
583	8.6017E+0
584	9.6201E+0
585	8.6385E+0
586	9.6569E+0
587	8.6752E+0
588	8.6936E+0
589	8.7120E+0
590	9.7304E+0
591	8.7488E+0
592	9.7672E+0
593	9.7857E+0
594	8.8041E+0
595	8.8225E+0
596	9.8408E+0
597	9.8588E+0
598	9.8769E+0
599	9.8948E+0
600	9.9127E+0
601	8.9307E+0
602	8.9486E+0
603	6.9666E+0
604	3.9845E+0
604	-7.1966E-2
605	9.1878E-1
606	4.9094E+0
607	6.8999E+0
608	8.8907E+0
609	9.8815E+0
610	8.8721E+0
611	8.8627E+0
612	8.8535E+0
613	8.8443E+0
614	8.8350E+0
615	9.8258E+0
616	8.8166E+0
617	7.8072E+0
618	9.7980E+0
619	7.7888E+0
620	1.1780E+1
621	7.7704E+0
622	1.1761E+1
623	7.7520E+0
624	1.0743E+1
625	9.7336E+0
626	7.7244E+0
627	1.0715E+1
628	6.7060E+0
629	1.1697E+1
630	6.6876E+0
631	1.0678E+1
632	6.6691E+0
633	9.6599E+0
634	8.6507E+0
635	9.6415E+0
636	7.6323E+0
637	7.6229E+0
638	8.6137E+0
639	8.6043E+0
640	9.5951E+0
641	9.5859E+0
642	9.5768E+0
643	9.5676E+0
644	9.5584E+0
645	9.5492E+0
646	9.5400E+0
647	9.5308E+0
648	9.5216E+0
649	1.0512E+1
650	9.5032E+0
651	9.4940E+0
652	9.4848E+0
653	9.4756E+0
654	9.4664E+0
655	9.4573E+0
656	9.4479E+0
657	8.4387E+0
658	8.4295E+0
659	8.4203E+0
660	7.4111E+0
661	6.4017E+0
662	7.3926E+0
663	6.3834E+0
664	6.3742E+0
665	7.3650E+0
666	7.3558E+0
667	8.3466E+0
668	8.3375E+0
669	9.3282E+0
670	1.0319E+1
671	1.1310E+1
672	1.0301E+1
673	1.2291E+1
674	1.2282E+1
675	1.2273E+1
676	1.2264E+1
677	1.1255E+1
678	1.1245E+1
679	1.1236E+1
680	1.1227E+1
681	1.2218E+1
682	1.3209E+1
683	1.3200E+1
684	1.2190E+1
685	1.1181E+1
686	1.1172E+1
687	9.1628E+0
688	8.1536E+0
689	8.1445E+0
690	1.0135E+1
691	1.3126E+1
692	1.7117E+1
693	2.1108E+1
694	2.7098E+1
695	3.1089E+1
696	3.4080E+1
697	3.6071E+1
698	3.5062E+1
699	3.3053E+1
700	3.2044E+1
701	2.7035E+1
702	2.0026E+1
703	1.2017E+1
