0.0	-1.32174432779
7.61268781302	-1.35071881106
15.225375626	-1.37306389866
22.8380634391	-1.39598085107
30.4507512521	-1.42381160473
38.0634390651	-1.43346976582
45.6761268781	-1.44312792691
53.2888146912	-1.44861359296
60.9015025042	-1.44746986336
68.5141903172	-1.43781170227
76.1268781302	-1.42038041592
83.7395659432	-1.39631973391
91.3522537563	-1.36734525065
98.9649415693	-1.33837076738
106.577629382	-1.29270630399
114.190317195	-1.24441549855
121.803005008	-1.1938372339
129.415692821	-1.13588826737
137.028380634	-1.06902244598
144.641068447	-1.01319149723
152.25375626	-0.962041367779
159.866444073	-1.01618052507
167.479131886	-1.1278081361
175.091819699	-1.22732796587
182.704507513	-1.31297723692
190.317195326	-1.37339260377
197.929883139	-1.41234812321
205.542570952	-1.43226926544
213.155258765	-1.42421731546
220.767946578	-1.40299353513
228.380634391	-1.37386136041
235.993322204	-1.34129963279
243.606010017	-1.31671395985
251.21869783	-1.29778815043
258.831385643	-1.23760177087
266.444073456	-1.1931783483
274.056761269	-1.15594419461
281.669449082	-1.12473381511
289.282136895	-1.10145414423
296.894824708	-1.09403853843
304.507512521	-1.09346022945
312.120200334	-1.10379589968
319.732888147	-1.13315057727
327.34557596	-1.16873278407
334.958263773	-1.2210009699
342.570951586	-1.28277450733
350.183639399	-1.3460074913
357.796327212	-1.41324944876
365.409015025	-1.47344605777
373.021702838	-1.52762367773
380.634390651	-1.57565888238
388.247078464	-1.60875018292
395.859766277	-1.63825617223
403.47245409	-1.65965346437
411.085141903	-1.67226282603
418.697829716	-1.68247413621
426.310517529	-1.68457132339
433.923205342	-1.68017425358
441.535893155	-1.66888573207
449.148580968	-1.64826503638
456.761268781	-1.62993093107
464.373956594	-1.61262437996
471.986644407	-1.59062839731
479.59933222	-1.55380134471
487.212020033	-1.51220561525
494.824707846	-1.45754233983
502.437395659	-1.39573263373
510.050083472	-1.33446753583
517.662771285	-1.27476387789
525.275459098	-1.21597235813
532.888146912	-1.15798444365
540.500834725	-1.10139532596
548.113522538	-1.05538932908
555.726210351	-1.01181794685
563.338898164	-0.975543979728
570.951585977	-0.951126813639
578.56427379	-0.951509000277
586.176961603	-0.968586625798
593.789649416	-0.991797253441
601.402337229	-1.01412743993
609.015025042	-1.02249554924
616.627712855	-1.01260605267
624.240400668	-0.991024018386
631.853088481	-0.957998344838
639.465776294	-0.911599389525
647.078464107	-0.85638740841
654.69115192	-0.812779365197
662.303839733	-0.779333550421
669.916527546	-0.751697796922
677.529215359	-0.747406167285
685.141903172	-0.767770396896
692.754590985	-0.804989382538
700.367278798	-0.851399886077
707.979966611	-0.900600327488
715.592654424	-0.942905132414
723.205342237	-0.977483606394
730.81803005	-1.00445835585
738.430717863	-1.02807177768
746.043405676	-1.05009551383
753.656093489	-1.06663718414
761.268781302	-1.07532440964
768.881469115	-1.07216904726
776.494156928	-1.06538043476
784.106844741	-1.06089366227
791.719532554	-1.05636985022
799.332220367	-1.04315392417
806.94490818	-1.02726661548
814.557595993	-1.01990904409
822.170283806	-1.0186576629
829.782971619	-1.01794862245
837.395659432	-1.03307068802
845.008347245	-1.05419229237
852.621035058	-1.07813961299
860.233722871	-1.10175249481
867.846410684	-1.11796136217
875.459098497	-1.1232910906
883.071786311	-1.11887636839
890.684474124	-1.10594228503
898.297161937	-1.08836346774
905.90984975	-1.05611292503
913.522537563	-1.01096209144
921.135225376	-0.95426317853
928.747913189	-0.88913259903
936.360601002	-0.824394809449
943.973288815	-0.752254949397
951.585976628	-0.676833687715
959.198664441	-0.614976409794
966.811352254	-0.556792571691
974.424040067	-0.505898392766
982.03672788	-0.465235478439
989.649415693	-0.439051454496
997.262103506	-0.428526748672
1004.87479132	-0.423086906695
1012.48747913	-0.416093631869
1020.10016694	-0.400879107367
1027.71285476	-0.384832145912
1035.32554257	-0.35875523746
1042.93823038	-0.31927348864
1050.5509182	-0.266066306822
1058.16360601	-0.222441452111
1065.77629382	-0.217699571396
1073.38898164	-0.243920809357
1081.00166945	-0.296071866429
1088.61435726	-0.366351106269
1096.22704508	-0.412523928684
1103.83973289	-0.428339209777
1111.4524207	-0.413826770064
1119.06510851	-0.374845772686
1126.67779633	-0.326538876528
1134.29048414	-0.305077377638
1141.90317195	-0.305111288429
1149.51585977	-0.304237806508
1157.12854758	-0.294214553369
1164.74123539	-0.286379807502
1172.35392321	-0.281333907838
1179.96661102	-0.278716554248
1187.57929883	-0.2865695801
1195.19198664	-0.284631603994
1202.80467446	-0.264452468611
1210.41736227	-0.219863493502
1218.03005008	-0.158004302
1225.6427379	-0.0842264097263
1233.25542571	0.00159540323162
1240.86811352	0.098111543796
1248.48080134	0.195740989308
1256.09348915	0.289350373419
1263.70617696	0.371068342331
1271.31886477	0.437962599308
1278.93155259	0.488889447259
1286.5442404	0.52325016166
1294.15692821	0.55315656111
1301.76961603	0.58612132224
1309.38230384	0.633987108018
1316.99499165	0.687746651492
1324.60767947	0.727643000989
1332.22036728	0.735055929534
1339.83305509	0.686362099799
1347.4457429	0.551397307008
1355.05843072	0.138754699563
1362.67111853	-0.222234963448
1370.28380634	-0.226447811581
1377.89649416	-0.136901425026
1385.50918197	-0.0389652070071
1393.12186978	0.0958441100948
1400.7345576	0.249375068693
1408.34724541	0.124690622681
1415.95993322	0.00878722006509
1423.57262104	-0.0659958952993
1431.18530885	-0.105678232142
1438.79799666	-0.192244054978
1446.41068447	-0.231188280704
1454.02337229	-0.0938564603524
1461.6360601	0.126115516088
1469.24874791	0.10260070522
1476.86143573	0.0228521927742
1484.47412354	0.145032498807
1492.08681135	0.388853486674
1499.69949917	0.568248769195
1507.31218698	0.590033864801
1514.92487479	0.580728053026
1522.5375626	0.557988959887
1530.15025042	0.535249866748
1537.76293823	0.512510773609
1545.37562604	0.48977168047
1552.98831386	0.41051986093
1560.60100167	0.24592381557
1568.21368948	0.105926108585
1575.8263773	0.0230111222547
1583.43906511	-0.0186224342899
1591.05175292	-0.0316968357928
1598.66444073	-0.0466462996017
1606.27712855	-0.0971335106931
1613.88981636	-0.144044883667
1621.50250417	-0.131171507338
1629.11519199	0.0814796091423
1636.7278798	0.166831614857
1644.34056761	0.241882612172
1651.95325543	0.31779893821
1659.56594324	0.382154888575
1667.17863105	0.386261595473
1674.79131886	0.29185349421
1682.40400668	0.152358996211
1690.01669449	0.0362358104857
1697.6293823	-0.072136516599
1705.24207012	-0.154074981695
1712.85475793	-0.216959817517
1720.46744574	-0.26914165229
1728.08013356	-0.338587727048
1735.69282137	-0.391842811833
1743.30550918	-0.403159777416
1750.91819699	-0.360015616002
1758.53088481	-0.266349616976
1766.14357262	-0.173305059705
1773.75626043	-0.102178933517
1781.36894825	-0.0611627999342
1788.98163606	-0.0555381882058
1796.59432387	-0.0640321645748
1804.20701169	-0.0692264975371
1811.8196995	-0.0677454511392
1819.43238731	-0.0591359322013
1827.04507513	-0.0491978981373
1834.65776294	-0.0379734008286
1842.27045075	-0.0221211367824
1849.88313856	0.00285942945741
1857.49582638	0.0156132807448
1865.10851419	-0.000998288793573
1872.721202	-0.0462140803898
1880.33388982	-0.117242516841
1887.94657763	-0.190508029687
1895.55926544	-0.235230790168
1903.17195326	-0.250758769521
1910.78464107	-0.236367523926
1918.39732888	-0.188851827946
1926.01001669	-0.138345565495
1933.62270451	-0.0946923151855
1941.23539232	-0.0630651572135
1948.84808013	-0.0500216251934
1956.46076795	-0.042275714194
1964.07345576	-0.0302495597313
1971.68614357	-0.00759758726511
1979.29883139	0.0364466661484
1986.9115192	0.100582468902
1994.52420701	0.179501013366
2002.13689482	0.248227770814
2009.74958264	0.268544071672
2017.36227045	0.288860372529
2024.97495826	0.309176673387
2032.58764608	0.329492974244
2040.20033389	0.349809275102
2047.8130217	0.37012557596
2055.42570952	0.390441876817
2063.03839733	0.410758177675
2070.65108514	0.431074478532
2078.26377295	0.45139077939
2085.87646077	0.471707080247
2093.48914858	0.620877534131
2101.10183639	0.890826812584
2108.71452421	0.974619894833
2116.32721202	0.977251148686
2123.93989983	0.915802724544
2131.55258765	0.821591988198
2139.16527546	0.772664759917
2146.77796327	0.78061947925
2154.39065109	0.843678735344
2162.0033389	0.931184010264
2169.61602671	0.988305818587
2177.22871452	1.10813795572
2184.84140234	1.29728860339
2192.45409015	1.47216929359
2200.06677796	1.5360308846
2207.67946578	1.41632600721
2215.29215359	1.3008815765
2222.9048414	1.15269292713
2230.51752922	0.941298202929
2238.13021703	0.63242528057
2245.74290484	0.449091131815
2253.35559265	0.328979652816
2260.96828047	0.243302745356
2268.58096828	0.199351512208
2276.19365609	0.287405494014
2283.80634391	0.40986531313
2291.41903172	0.524863432479
2299.03171953	0.58912728143
2306.64440735	0.6591198562
2314.25709516	0.729947270411
2321.86978297	0.800774684623
2329.48247078	0.871602098834
2337.0951586	0.942429513046
2344.70784641	0.920781289522
2352.32053422	0.795253300214
2359.93322204	0.562948012163
2367.54590985	0.681745235487
2375.15859766	0.845745068969
2382.77128548	0.897932802487
2390.38397329	0.720287152396
2397.9966611	0.551795140122
2405.60934891	0.593637174844
2413.22203673	0.712633981742
2420.83472454	0.836056304447
2428.44741235	0.972891185329
2436.06010017	1.09116989101
2443.67278798	1.24003504107
2451.28547579	1.41300832283
2458.89816361	1.51804416784
2466.51085142	1.55664527333
2474.12353923	1.61208199946
2481.73622705	1.70516158971
2489.34891486	1.84523385261
2496.96160267	1.90279739395
2504.57429048	1.8472633236
2512.1869783	1.73373034936
2519.79966611	1.64996507741
2527.41235392	1.78720287641
2535.02504174	1.85817731208
2542.63772955	1.81675462621
2550.25041736	1.63793667463
2557.86310518	1.58952813853
2565.47579299	1.49650329032
2573.0884808	1.48757566732
2580.70116861	1.63777747966
2588.31385643	1.89082128524
2595.92654424	1.99218478562
2603.53923205	2.03999206824
2611.15191987	2.07301833177
2618.76460768	2.09029096046
2626.37729549	2.19147073736
2633.98998331	2.3319643388
2641.60267112	2.46364317618
2649.21535893	2.48375318758
2656.82804674	2.43958152463
2664.44073456	2.40081534213
2672.05342237	2.30671231918
2679.66611018	2.03805706077
2687.278798	2.14406409585
2694.89148581	2.26725747467
2702.50417362	2.39045085348
2710.11686144	2.5136442323
2717.72954925	2.63683761112
2725.34223706	2.69744052226
2732.95492487	2.67168498987
2740.56761269	2.55198313803
2748.1803005	2.43535565234
2755.79298831	2.35864999338
2763.40567613	2.29535748105
2771.01836394	2.22627429848
2778.63105175	2.11271210665
2786.24373957	1.96921097485
2793.85642738	1.84080433843
2801.46911519	1.76996885721
2809.08180301	1.85166548475
2816.69449082	1.97161129541
2824.30717863	2.05964946423
2831.91986644	2.12346617135
2839.53255426	2.2000093287
2847.14524207	2.31503791056
2854.75792988	2.25917915758
2862.3706177	2.05954861431
2869.98330551	1.77206718076
2877.59599332	1.79158904907
2885.20868114	1.81510474224
2892.82136895	1.79860430763
2900.43405676	1.72198925567
2908.04674457	1.81808960642
2915.65943239	1.92604863792
2923.2721202	1.96583608943
2930.88480801	1.91085570075
2938.49749583	1.864186976
2946.11018364	1.85658561164
2953.72287145	1.80433687784
2961.33555927	1.68665410352
2968.94824708	1.52786031655
2976.56093489	1.42513945876
2984.1736227	1.24781529632
2991.78631052	1.01483083543
2999.39899833	0.824964468965
3007.01168614	0.992910066924
3014.62437396	1.22396913597
3022.23706177	1.41752183247
3029.84974958	1.4705674055
3037.4624374	1.44958575571
3045.07512521	1.42711362493
3052.68781302	1.40464149414
3060.30050083	1.38216936336
3067.91318865	1.35969723257
3075.52587646	1.33722510179
3083.13856427	1.31475297101
3090.75125209	1.29228084022
3098.3639399	1.26980870944
3105.97662771	1.23186971168
3113.58931553	1.15265954363
3121.20200334	1.0305195744
3128.81469115	0.900840097544
3136.42737896	0.787129789348
3144.04006678	0.718094493639
3151.65275459	0.703801703742
3159.2654424	0.753843656737
3166.87813022	0.800412547866
3174.49081803	0.810761122809
3182.10350584	0.775817014246
3189.71619366	0.687519373215
3197.32888147	0.585208169731
3204.94156928	0.482354299819
3212.5542571	0.379500429907
3220.16694491	0.276646559995
3227.77963272	0.173792690083
3235.39232053	0.0709388201708
3243.00500835	-0.0319150497412
3250.61769616	-0.134768919653
3258.23038397	-0.237622789565
3265.84307179	-0.340476659477
3273.4557596	-0.443290029655
3281.06844741	-0.545172032847
3288.68113523	-0.641647805312
3296.29382304	-0.700523319198
3303.90651085	-0.700564265463
3311.51919866	-0.654570764059
3319.13188648	-0.617834303337
3326.74457429	-0.537509091247
3334.3572621	-0.389750777376
3341.96994992	-0.186300056914
3349.58263773	0.0443712833251
3357.19532554	0.209125449018
3364.80801336	0.275875893182
3372.42070117	0.261675893003
3380.03338898	0.191888170497
3387.64607679	0.168294104337
3395.25876461	0.23127870928
3402.87145242	0.364220002648
3410.48414023	0.547409988955
3418.09682805	0.711876878433
3425.70951586	0.803085008806
3433.32220367	0.811105739612
3440.93489149	0.734432310163
3448.5475793	0.594915740055
3456.16026711	0.417706094442
3463.77295492	0.242108849372
3471.38564274	0.0800102944955
3478.99833055	-0.0694445736381
3486.61101836	-0.261736085354
3494.22370618	-0.450722299077
3501.83639399	-0.59806641816
3509.4490818	-0.639149832716
3517.06176962	-0.44991225343
3524.67445743	-0.218295517513
3532.28714524	-0.0261204800283
3539.89983306	0.0384879415305
3547.51252087	-0.0910590702293
3555.12520868	-0.287328986026
3562.73789649	-0.516750487164
3570.35058431	-0.747075243744
3577.96327212	-0.921440669378
3585.57595993	-0.974118778874
3593.18864775	-0.918385168172
3600.80133556	-0.775195263066
3608.41402337	-0.642955610629
3616.02671119	-0.531533758747
3623.639399	-0.432357041777
3631.25208681	-0.343671916664
3638.86477462	-0.270755219549
3646.47746244	-0.233543809704
3654.09015025	-0.211608373278
3661.70283806	-0.212950650256
3669.31552588	-0.268124850634
3676.92821369	-0.328508964346
3684.5409015	-0.397944517851
3692.15358932	-0.469796706885
3699.76627713	-0.533136228706
3707.37896494	-0.587845936518
3714.99165275	-0.635325339127
3722.60434057	-0.677938799366
3730.21702838	-0.717915652305
3737.82971619	-0.747533086552
3745.44240401	-0.772078087751
3753.05509182	-0.790803794596
3760.66777963	-0.803084110135
3768.28046745	-0.807234817875
3775.89315526	-0.808626149123
3783.50584307	-0.802862179378
3791.11853088	-0.789057571139
3798.7312187	-0.771758448266
3806.34390651	-0.745925163687
3813.95659432	-0.71608696672
3821.56928214	-0.68344162134
3829.18196995	-0.648163665274
3836.79465776	-0.623305008183
3844.40734558	-0.603214148183
3852.02003339	-0.592242657204
3859.6327212	-0.599444721878
3867.24540902	-0.613925771091
3874.85809683	-0.635283280353
3882.47078464	-0.659423793317
3890.08347245	-0.681664919256
3897.69616027	-0.702800724488
3905.30884808	-0.711381137203
3912.92153589	-0.711589097303
3920.53422371	-0.705765498176
3928.14691152	-0.682231503534
3935.75959933	-0.652670601382
3943.37228715	-0.618524008731
3950.98497496	-0.581765469735
3958.59766277	-0.549824456829
3966.21035058	-0.519747258127
3973.8230384	-0.494196133388
3981.43572621	-0.471842336672
3989.04841402	-0.445736777453
3996.66110184	-0.414236792149
4004.27378965	-0.373982769781
4011.88647746	-0.326082142535
4019.49916528	-0.273902909297
4027.11185309	-0.226493498022
4034.7245409	-0.182915127826
4042.33722871	-0.145795970489
4049.94991653	-0.118433559154
4057.56260434	-0.135161575659
4065.17529215	-0.15787443489
4072.78797997	-0.184896147271
4080.40066778	-0.214605987704
4088.01335559	-0.241999673163
4095.62604341	-0.264090730525
4103.23873122	-0.284276133908
4110.85141903	-0.303547549151
4118.46410684	-0.315917017887
4126.07679466	-0.335455230166
4133.68948247	-0.363211674993
4141.30217028	-0.400613416098
4148.9148581	-0.45174485233
4156.52754591	-0.4590333246
4164.14023372	-0.4590333246
4171.75292154	-0.4590333246
4179.36560935	-0.4590333246
4186.97829716	-0.4590333246
4194.59098497	-0.453208775698
4202.20367279	-0.446346398083
4209.8163606	-0.446346398083
4217.42904841	-0.43692121895
4225.04173623	-0.433659471565
4232.65442404	-0.430291823291
4240.26711185	-0.420972545048
4247.87979967	-0.420972545048
4255.49248748	-0.414004266543
4263.10517529	-0.40828561853
4270.71786311	-0.40828561853
4278.33055092	-0.40828561853
4285.94323873	-0.40828561853
4293.55592654	-0.40828561853
4301.16861436	-0.40828561853
4308.78130217	-0.40828561853
4316.39398998	-0.40828561853
4324.0066778	-0.403202375852
4331.61936561	-0.395598692013
4339.23205342	-0.395598692013
4346.84474124	-0.395598692013
4354.45742905	-0.389943584533
4362.07011686	-0.380285423445
4369.68280467	-0.370627262356
4377.29549249	-0.360969101268
4384.9081803	-0.351310940179
4392.52086811	-0.341652779091
4400.13355593	-0.33182517658
4407.74624374	-0.312508854403
4415.35893155	-0.299991369308
4422.97161937	-0.29033320822
4430.58430718	-0.280675047131
4438.19699499	-0.271016886043
4445.8096828	-0.261358724954
4453.42237062	-0.251700563866
4461.03505843	-0.242042402777
4468.64774624	-0.232384241689
4476.26043406	-0.230668647285
4483.87312187	-0.22575484603
4491.48580968	-0.217981720768
4499.0984975	-0.217981720768
4506.71118531	-0.217981720768
4514.32387312	-0.217981720768
4521.93656093	-0.217981720768
4529.54924875	-0.217981720768
4537.16193656	-0.217981720768
4544.77462437	-0.217981720768
4552.38731219	-0.217981720768
4560.0	-0.217981720768
