44.0	0.107885223678
132.52	0.107885223678
132.52	0.107885223678
221.04	0.107885223678
221.04	0.107885223678
309.56	0.107885223678
309.56	0.107885223678
398.08	0.107885223678
398.08	0.107885223678
486.6	0.107885223678
486.6	0.107885223678
575.12	0.107885223678
575.12	0.107885223678
663.64	0.107885223678
663.64	0.107885223678
752.16	0.107885223678
752.16	0.107885223678
840.68	0.107885223678
840.68	0.107885223678
929.2	0.107885223678
929.2	0.107885223678
1017.72	0.107885223678
1017.72	0.107885223678
1106.24	0.107885223678
1106.24	0.107885223678
1194.76	0.107885223678
1194.76	0.107885223678
1283.28	0.107885223678
1283.28	0.107885223678
1371.8	0.107885223678
1371.8	0.107885223678
1460.32	0.107885223678
1460.32	0.107885223678
1548.84	0.107885223678
1548.84	0.107885223678
1637.36	0.107885223678
1637.36	0.107885223678
1725.88	0.107885223678
1725.88	0.107885223678
1814.4	0.107885223678
1814.4	0.107885223678
1902.92	0.107885223678
1902.92	0.107885223678
1991.44	0.107885223678
1991.44	0.0863081789426
2013.57	0.0863081789426
2013.57	0.0863081789426
2035.7	0.0863081789426
2035.7	0.0690465431541
2146.35	0.0690465431541
2146.35	0.0690465431541
2257.0	0.0690465431541
2257.0	0.0690465431541
2367.65	0.0690465431541
2367.65	0.0690465431541
2478.3	0.0690465431541
2478.3	0.0690465431541
2588.95	0.0690465431541
2588.95	0.0690465431541
2699.6	0.0690465431541
2699.6	0.0690465431541
2810.25	0.0690465431541
2810.25	0.0690465431541
2920.9	0.0690465431541
2920.9	0.0690465431541
3031.55	0.0690465431541
3031.55	0.0690465431541
3142.2	0.0690465431541
3142.2	0.0690465431541
3252.85	0.0690465431541
3252.85	0.0690465431541
3363.5	0.0690465431541
3363.5	0.0690465431541
3474.15	0.0690465431541
3474.15	0.0690465431541
3584.8	0.0690465431541
3584.8	0.0690465431541
3695.45	0.0690465431541
3695.45	0.0690465431541
3806.1	0.0690465431541
3806.1	0.0690465431541
3916.75	0.0690465431541
3916.75	0.0690465431541
4027.4	0.0690465431541
4027.4	0.0690465431541
4138.05	0.0690465431541
4138.05	0.0690465431541
4248.7	0.0690465431541
4248.7	0.0690465431541
4359.35	0.0690465431541
4359.35	0.0690465431541
4470.0	0.0690465431541
