44.0	0.172616357885
66.13	0.172616357885
66.13	0.172616357885
88.26	0.172616357885
88.26	0.215770447357
132.52	0.215770447357
132.52	0.215770447357
176.78	0.215770447357
176.78	0.172616357885
198.91	0.172616357885
198.91	0.129462268414
243.17	0.129462268414
243.17	0.0863081789426
265.3	0.0863081789426
265.3	0.0690465431541
375.95	0.0690465431541
375.95	0.0690465431541
486.6	0.0690465431541
486.6	0.0863081789426
508.73	0.0863081789426
508.73	0.129462268414
552.99	0.129462268414
552.99	0.172616357885
575.12	0.172616357885
575.12	0.215770447357
619.38	0.215770447357
619.38	0.258924536828
641.51	0.258924536828
641.51	0.34523271577
663.64	0.34523271577
663.64	0.258924536828
685.77	0.258924536828
685.77	0.215770447357
730.03	0.215770447357
730.03	0.172616357885
752.16	0.172616357885
752.16	0.129462268414
796.42	0.129462268414
796.42	0.115077571923
862.81	0.115077571923
862.81	0.115077571923
929.2	0.115077571923
929.2	0.115077571923
995.59	0.115077571923
995.59	0.115077571923
1061.98	0.115077571923
1061.98	0.129462268414
1106.24	0.129462268414
1106.24	0.129462268414
1150.5	0.129462268414
1150.5	0.129462268414
1194.76	0.129462268414
1194.76	0.129462268414
1239.02	0.129462268414
1239.02	0.129462268414
1283.28	0.129462268414
1283.28	0.115077571923
1349.67	0.115077571923
1349.67	0.0863081789426
1371.8	0.0863081789426
1371.8	0.0690465431541
1482.45	0.0690465431541
1482.45	0.0863081789426
1504.58	0.0863081789426
1504.58	0.0863081789426
1526.71	0.0863081789426
1526.71	0.107885223678
1615.23	0.107885223678
1615.23	0.0863081789426
1637.36	0.0863081789426
1637.36	0.064731134207
1725.88	0.064731134207
1725.88	0.0575387859617
1792.27	0.0575387859617
1792.27	0.0517849073656
1902.92	0.0517849073656
1902.92	0.0431540894713
1947.18	0.0431540894713
1947.18	0.0431540894713
1991.44	0.0431540894713
1991.44	0.0431540894713
2035.7	0.0431540894713
2035.7	0.034523271577
2146.35	0.034523271577
2146.35	0.0431540894713
2190.61	0.0431540894713
2190.61	0.0575387859617
2257.0	0.0575387859617
2257.0	0.064731134207
2345.52	0.064731134207
2345.52	0.0863081789426
2367.65	0.0863081789426
2367.65	0.107885223678
2456.17	0.107885223678
2456.17	0.0863081789426
2478.3	0.0863081789426
2478.3	0.0863081789426
2500.43	0.0863081789426
2500.43	0.0863081789426
2522.56	0.0863081789426
2522.56	0.0863081789426
2544.69	0.0863081789426
2544.69	0.0690465431541
2655.34	0.0690465431541
2655.34	0.0690465431541
2765.99	0.0690465431541
2765.99	0.0690465431541
2876.64	0.0690465431541
2876.64	0.0863081789426
2898.77	0.0863081789426
2898.77	0.0863081789426
2920.9	0.0863081789426
2920.9	0.115077571923
2987.29	0.115077571923
2987.29	0.129462268414
3031.55	0.129462268414
3031.55	0.129462268414
3075.81	0.129462268414
3075.81	0.129462268414
3120.07	0.129462268414
3120.07	0.115077571923
3186.46	0.115077571923
3186.46	0.107885223678
3274.98	0.107885223678
3274.98	0.0863081789426
3297.11	0.0863081789426
3297.11	0.064731134207
3385.63	0.064731134207
3385.63	0.0575387859617
3452.02	0.0575387859617
3452.02	0.0431540894713
3496.28	0.0431540894713
3496.28	0.034523271577
3606.93	0.034523271577
3606.93	0.0287693929809
3673.32	0.0287693929809
3673.32	0.0215770447357
3761.84	0.0215770447357
3761.84	0.0172616357885
3872.49	0.0172616357885
3872.49	0.0215770447357
3961.01	0.0215770447357
3961.01	0.0287693929809
4027.4	0.0287693929809
4027.4	0.034523271577
4138.05	0.034523271577
4138.05	0.0431540894713
4182.31	0.0431540894713
4182.31	0.0575387859617
4248.7	0.0575387859617
4248.7	0.064731134207
4337.22	0.064731134207
4337.22	0.0863081789426
4359.35	0.0863081789426
4359.35	0.0863081789426
4381.48	0.0863081789426
4381.48	0.0863081789426
4403.61	0.0863081789426
4403.61	0.0863081789426
4425.74	0.0863081789426
4425.74	0.0863081789426
4447.87	0.0863081789426
4447.87	0.0863081789426
4470.0	0.0863081789426
