44.0	0.0107885223678
221.04	0.0107885223678
221.04	0.0123297398489
375.95	0.0123297398489
375.95	0.0123297398489
530.86	0.0123297398489
530.86	0.0143846964904
663.64	0.0143846964904
663.64	0.0172616357885
774.29	0.0172616357885
774.29	0.0215770447357
862.81	0.0215770447357
862.81	0.0287693929809
929.2	0.0287693929809
929.2	0.0431540894713
973.46	0.0431540894713
973.46	0.0575387859617
1039.85	0.0575387859617
1039.85	0.064731134207
1128.37	0.064731134207
1128.37	0.0863081789426
1150.5	0.0863081789426
1150.5	0.107885223678
1239.02	0.107885223678
1239.02	0.115077571923
1305.41	0.115077571923
1305.41	0.129462268414
1349.67	0.129462268414
1349.67	0.143846964904
1416.06	0.143846964904
1416.06	0.172616357885
1438.19	0.172616357885
1438.19	0.215770447357
1482.45	0.215770447357
1482.45	0.258924536828
1504.58	0.258924536828
1504.58	0.34523271577
1526.71	0.34523271577
1526.71	0.431540894713
1548.84	0.431540894713
1548.84	0.517849073656
1570.97	0.517849073656
1570.97	0.604157252598
1593.1	0.604157252598
1593.1	0.690465431541
1615.23	0.690465431541
1615.23	0.690465431541
1637.36	0.690465431541
1637.36	0.690465431541
1659.49	0.690465431541
1659.49	0.604157252598
1681.62	0.604157252598
1681.62	0.517849073656
1703.75	0.517849073656
1703.75	0.431540894713
1725.88	0.431540894713
1725.88	0.34523271577
1748.01	0.34523271577
1748.01	0.258924536828
1770.14	0.258924536828
1770.14	0.215770447357
1814.4	0.215770447357
1814.4	0.172616357885
1836.53	0.172616357885
1836.53	0.143846964904
1902.92	0.143846964904
1902.92	0.129462268414
1947.18	0.129462268414
1947.18	0.115077571923
2013.57	0.115077571923
2013.57	0.0863081789426
2035.7	0.0863081789426
2035.7	0.064731134207
2124.22	0.064731134207
2124.22	0.0575387859617
2190.61	0.0575387859617
2190.61	0.0431540894713
2234.87	0.0431540894713
2234.87	0.0431540894713
2279.13	0.0431540894713
2279.13	0.034523271577
2389.78	0.034523271577
2389.78	0.0287693929809
2456.17	0.0287693929809
2456.17	0.0215770447357
2544.69	0.0215770447357
2544.69	0.0172616357885
2655.34	0.0172616357885
2655.34	0.0172616357885
2765.99	0.0172616357885
2765.99	0.0172616357885
2876.64	0.0172616357885
2876.64	0.0215770447357
2965.16	0.0215770447357
2965.16	0.0287693929809
3031.55	0.0287693929809
3031.55	0.0431540894713
3075.81	0.0431540894713
3075.81	0.0575387859617
3142.2	0.0575387859617
3142.2	0.0863081789426
3164.33	0.0863081789426
3164.33	0.107885223678
3252.85	0.107885223678
3252.85	0.115077571923
3319.24	0.115077571923
3319.24	0.129462268414
3363.5	0.129462268414
3363.5	0.143846964904
3429.89	0.143846964904
3429.89	0.143846964904
3496.28	0.143846964904
3496.28	0.115077571923
3562.67	0.115077571923
3562.67	0.0863081789426
3584.8	0.0863081789426
3584.8	0.0575387859617
3651.19	0.0575387859617
3651.19	0.0431540894713
3695.45	0.0431540894713
3695.45	0.0287693929809
3761.84	0.0287693929809
3761.84	0.0215770447357
3850.36	0.0215770447357
3850.36	0.0172616357885
3961.01	0.0172616357885
3961.01	0.0172616357885
4071.66	0.0172616357885
4071.66	0.0143846964904
4204.44	0.0143846964904
4204.44	0.0143846964904
4337.22	0.0143846964904
4337.22	0.0143846964904
4470.0	0.0143846964904
