44.0	0.34523271577
66.13	0.34523271577
66.13	0.258924536828
88.26	0.258924536828
88.26	0.258924536828
110.39	0.258924536828
110.39	0.172616357885
132.52	0.172616357885
132.52	0.129462268414
176.78	0.129462268414
176.78	0.115077571923
243.17	0.115077571923
243.17	0.129462268414
287.43	0.129462268414
287.43	0.172616357885
309.56	0.172616357885
309.56	0.215770447357
353.82	0.215770447357
353.82	0.215770447357
398.08	0.215770447357
398.08	0.215770447357
442.34	0.215770447357
442.34	0.172616357885
464.47	0.172616357885
464.47	0.172616357885
486.6	0.172616357885
486.6	0.143846964904
552.99	0.143846964904
552.99	0.115077571923
619.38	0.115077571923
619.38	0.0863081789426
641.51	0.0863081789426
641.51	0.064731134207
730.03	0.064731134207
730.03	0.0517849073656
840.68	0.0517849073656
840.68	0.0863081789426
862.81	0.0863081789426
862.81	0.115077571923
929.2	0.115077571923
929.2	0.129462268414
973.46	0.129462268414
973.46	0.172616357885
995.59	0.172616357885
995.59	0.172616357885
1017.72	0.172616357885
1017.72	0.172616357885
1039.85	0.172616357885
1039.85	0.172616357885
1061.98	0.172616357885
1061.98	0.172616357885
1084.11	0.172616357885
1084.11	0.172616357885
1106.24	0.172616357885
1106.24	0.215770447357
1150.5	0.215770447357
1150.5	0.172616357885
1172.63	0.172616357885
1172.63	0.129462268414
1216.89	0.129462268414
1216.89	0.0863081789426
1239.02	0.0863081789426
1239.02	0.034523271577
1349.67	0.034523271577
1349.67	0.0863081789426
1371.8	0.0863081789426
1371.8	0.115077571923
1438.19	0.115077571923
1438.19	0.129462268414
1482.45	0.129462268414
1482.45	0.115077571923
1548.84	0.115077571923
1548.84	0.0863081789426
1570.97	0.0863081789426
1570.97	0.034523271577
1681.62	0.034523271577
1681.62	0.0287693929809
1748.01	0.0287693929809
1748.01	0.0287693929809
1814.4	0.0287693929809
1814.4	0.0215770447357
1902.92	0.0215770447357
1902.92	0.0215770447357
1991.44	0.0215770447357
1991.44	0.0215770447357
2079.96	0.0215770447357
2079.96	0.0287693929809
2146.35	0.0287693929809
2146.35	0.0431540894713
2190.61	0.0431540894713
2190.61	0.0575387859617
2257.0	0.0575387859617
2257.0	0.0863081789426
2279.13	0.0863081789426
2279.13	0.129462268414
2323.39	0.129462268414
2323.39	0.172616357885
2345.52	0.172616357885
2345.52	0.258924536828
2367.65	0.258924536828
2367.65	0.690465431541
2389.78	0.690465431541
2389.78	0.172616357885
2411.91	0.172616357885
2411.91	0.0863081789426
2434.04	0.0863081789426
2434.04	0.0431540894713
2478.3	0.0431540894713
2478.3	0.0287693929809
2544.69	0.0287693929809
2544.69	0.0215770447357
2633.21	0.0215770447357
2633.21	0.0431540894713
2677.47	0.0431540894713
2677.47	0.115077571923
2743.86	0.115077571923
2743.86	0.107885223678
2832.38	0.107885223678
2832.38	0.0863081789426
2854.51	0.0863081789426
2854.51	0.0863081789426
2876.64	0.0863081789426
2876.64	0.0863081789426
2898.77	0.0863081789426
2898.77	0.0690465431541
3009.42	0.0690465431541
3009.42	0.0690465431541
3120.07	0.0690465431541
3120.07	0.0690465431541
3230.72	0.0690465431541
3230.72	0.0690465431541
3341.37	0.0690465431541
3341.37	0.0690465431541
3452.02	0.0690465431541
3452.02	0.0690465431541
3562.67	0.0690465431541
3562.67	0.0863081789426
3584.8	0.0863081789426
3584.8	0.0863081789426
3606.93	0.0863081789426
3606.93	0.0863081789426
3629.06	0.0863081789426
3629.06	0.0863081789426
3651.19	0.0863081789426
3651.19	0.0863081789426
3673.32	0.0863081789426
3673.32	0.0863081789426
3695.45	0.0863081789426
3695.45	0.0863081789426
3717.58	0.0863081789426
3717.58	0.0431540894713
3761.84	0.0431540894713
3761.84	0.0287693929809
3828.23	0.0287693929809
3828.23	0.0172616357885
3938.88	0.0172616357885
3938.88	0.0172616357885
4049.53	0.0172616357885
4049.53	0.0215770447357
4138.05	0.0215770447357
4138.05	0.0431540894713
4182.31	0.0431540894713
4182.31	0.064731134207
4270.83	0.064731134207
4270.83	0.0431540894713
4315.09	0.0431540894713
4315.09	0.0431540894713
4359.35	0.0431540894713
4359.35	0.0863081789426
4381.48	0.0863081789426
4381.48	0.143846964904
4447.87	0.143846964904
