44.0	0.0690465431541
154.65	0.0690465431541
154.65	0.0690465431541
265.3	0.0690465431541
265.3	0.0690465431541
375.95	0.0690465431541
375.95	0.0690465431541
486.6	0.0690465431541
486.6	0.0690465431541
597.25	0.0690465431541
597.25	0.0690465431541
707.9	0.0690465431541
707.9	0.0690465431541
818.55	0.0690465431541
818.55	0.0690465431541
929.2	0.0690465431541
929.2	0.0690465431541
1039.85	0.0690465431541
1039.85	0.0690465431541
1150.5	0.0690465431541
1150.5	0.0690465431541
1261.15	0.0690465431541
1261.15	0.0690465431541
1371.8	0.0690465431541
1371.8	0.0690465431541
1482.45	0.0690465431541
1482.45	0.0690465431541
1593.1	0.0690465431541
1593.1	0.0690465431541
1703.75	0.0690465431541
1703.75	0.0690465431541
1814.4	0.0690465431541
1814.4	0.0690465431541
1925.05	0.0690465431541
1925.05	0.0690465431541
2035.7	0.0690465431541
2035.7	0.0690465431541
2146.35	0.0690465431541
2146.35	0.0690465431541
2257.0	0.0690465431541
2257.0	0.0690465431541
2367.65	0.0690465431541
2367.65	0.0690465431541
2478.3	0.0690465431541
2478.3	0.0690465431541
2588.95	0.0690465431541
2588.95	0.0690465431541
2699.6	0.0690465431541
2699.6	0.0690465431541
2810.25	0.0690465431541
2810.25	0.0690465431541
2920.9	0.0690465431541
2920.9	0.0690465431541
3031.55	0.0690465431541
3031.55	0.0690465431541
3142.2	0.0690465431541
3142.2	0.0690465431541
3252.85	0.0690465431541
3252.85	0.0690465431541
3363.5	0.0690465431541
3363.5	0.0690465431541
3474.15	0.0690465431541
3474.15	0.0690465431541
3584.8	0.0690465431541
3584.8	0.0863081789426
3606.93	0.0863081789426
3606.93	0.0863081789426
3629.06	0.0863081789426
3629.06	0.0863081789426
3651.19	0.0863081789426
3651.19	0.0863081789426
3673.32	0.0863081789426
3673.32	0.107885223678
3761.84	0.107885223678
3761.84	0.115077571923
3828.23	0.115077571923
3828.23	0.129462268414
3872.49	0.129462268414
3872.49	0.129462268414
3916.75	0.129462268414
3916.75	0.129462268414
3961.01	0.129462268414
3961.01	0.129462268414
4005.27	0.129462268414
4005.27	0.129462268414
4049.53	0.129462268414
4049.53	0.143846964904
4115.92	0.143846964904
4115.92	0.172616357885
4138.05	0.172616357885
4138.05	0.172616357885
4160.18	0.172616357885
4160.18	0.215770447357
4204.44	0.215770447357
4204.44	0.215770447357
4248.7	0.215770447357
4248.7	0.215770447357
4292.96	0.215770447357
4292.96	0.215770447357
4337.22	0.215770447357
4337.22	0.215770447357
4381.48	0.215770447357
4381.48	0.215770447357
4425.74	0.215770447357
4425.74	0.215770447357
4470.0	0.215770447357
