20.0	-2.80230275324
20.7011686144	-2.6879760215
21.4023372287	-2.58461189962
22.1035058431	-2.49453376792
22.8046744574	-2.43415599077
23.5058430718	-2.28525758221
24.2070116861	-2.13108766185
24.9081803005	-2.04592804591
25.6093489149	-1.91175478337
26.3105175292	-1.84586700361
27.0116861436	-1.87486855061
27.7128547579	-1.88559189794
28.4140233723	-1.92687037616
29.1151919866	-1.99213181511
29.816360601	-2.071593488
30.5175292154	-2.14009972402
31.2186978297	-2.20042007106
31.9198664441	-2.25125752091
32.6210350584	-2.28935752604
33.3222036728	-2.28536301221
34.0233722871	-2.2362626031
34.7245409015	-2.2588258742
35.4257095159	-2.27029445469
36.1268781302	-2.26983996818
36.8280467446	-2.24791196264
37.5292153589	-2.27309230092
38.2303839733	-2.2860523201
38.9315525876	-2.24276188982
39.632721202	-2.13099568648
40.3338898164	-2.01266759978
41.0350584307	-1.90086240231
41.7362270451	-1.89531517276
42.4373956594	-1.81954568764
43.1385642738	-1.7270380665
43.8397328881	-1.73851174023
44.5409015025	-1.84875540914
45.2420701169	-1.91156119406
45.9432387312	-1.82889564363
46.6444073456	-1.86179452782
47.3455759599	-1.89691223736
48.0467445743	-1.91803024157
48.7479131886	-1.85782864373
49.449081803	-1.79762704589
50.1502504174	-1.73742544805
50.8514190317	-1.6772238502
51.5525876461	-1.61702225236
52.2537562604	-1.55682065452
52.9549248748	-1.49661905668
53.6560934891	-1.43641745884
54.3572621035	-1.376215861
55.0584307179	-1.31601426316
55.7595993322	-1.25581266532
56.4607679466	-1.19561106748
57.1619365609	-1.14351911737
57.8631051753	-1.11843145816
58.5642737896	-1.07357613377
59.265442404	-0.991972406747
59.9666110184	-0.857918026349
60.6677796327	-0.659802602469
61.3689482471	-0.546599484798
62.0701168614	-0.513798857011
62.7712854758	-0.490527394472
63.4724540902	-0.321586872742
64.1736227045	-0.16439687796
64.8747913189	-0.257177358662
65.5759599332	-0.164627909484
66.2771285476	-0.1023295234
66.9782971619	-0.14796610891
67.6794657763	-0.113209212374
68.3806343907	-0.088121340657
69.081803005	-0.0745511151006
69.7829716194	-0.0701643420099
70.4841402337	0.0137955916371
71.1853088481	0.102953125237
71.8864774624	0.107280061517
72.5876460768	0.114567866197
73.2888146912	0.123355513397
73.9899833055	0.133467903804
74.6911519199	0.053282110384
75.3923205342	0.0458829472424
76.0934891486	0.0975003206729
76.7946577629	0.153577957227
77.4958263773	0.181023690617
78.1969949917	0.184444148281
78.898163606	0.156723750895
79.5993322204	0.132286021209
80.3005008347	0.125023069278
81.0016694491	0.140013071937
81.7028380634	0.195627850767
82.4040066778	0.196181485303
83.1051752922	0.152326694742
83.8063439065	0.0863214383189
84.5075125209	0.0345955857625
85.2086811352	-0.0255594480442
85.9098497496	-0.118466328557
86.6110183639	-0.181081953953
87.3121869783	-0.224908950869
88.0133555927	-0.250629964429
88.714524207	-0.262748253192
89.4156928214	-0.266467029959
90.1168614357	-0.266443368409
90.8180300501	-0.276549213087
91.5191986644	-0.277710424349
92.2203672788	-0.253539311787
92.9215358932	-0.180937534506
93.6227045075	-0.10810548118
94.3238731219	-0.130213139081
95.0250417362	-0.256660848661
95.7262103506	-0.213180811062
96.4273789649	-0.181722047333
97.1285475793	-0.159013194549
97.8297161937	-0.140976190506
98.530884808	-0.0813947381526
99.2320534224	-0.0366138687398
99.9332220367	-0.0486923601665
100.634390651	-0.107341311795
101.335559265	-0.0980022773956
102.03672788	-0.012075371496
102.737896494	0.022658903198
103.439065109	0.0599350230517
104.140233723	0.0938876277422
104.841402337	0.10847667079
105.542570952	0.0680512532262
106.243739566	-0.0156642228752
106.94490818	-0.150442993034
107.646076795	-0.231764564644
108.347245409	-0.306849796765
109.048414023	-0.377494295632
109.749582638	-0.411324246014
110.450751252	-0.443048999866
111.151919866	-0.477659545061
111.853088481	-0.526931722074
112.554257095	-0.568441175088
113.25542571	-0.606846128908
113.956594324	-0.64342412266
114.657762938	-0.664369166941
115.358931553	-0.675346490487
116.060100167	-0.678098995485
116.761268781	-0.684005137295
117.462437396	-0.704287639834
118.16360601	-0.737837671811
118.864774624	-0.790595326078
119.565943239	-0.853769107274
120.267111853	-0.917244963161
120.968280467	-0.977167375649
121.669449082	-1.01606582757
122.370617696	-1.04471603282
123.071786311	-1.06381101862
123.772954925	-1.07147898161
124.474123539	-1.06797689059
125.175292154	-1.0546080622
125.876460768	-1.02768614157
126.577629382	-0.99267896264
127.278797997	-0.954086473771
127.979966611	-0.912682059809
128.681135225	-0.84918851846
129.38230384	-0.767241366564
130.083472454	-0.670207968544
130.784641068	-0.571423140169
131.485809683	-0.517056210574
132.186978297	-0.48358966803
132.888146912	-0.453450565844
133.589315526	-0.434114825663
134.29048414	-0.405570413199
134.991652755	-0.361107865602
135.692821369	-0.322746268438
136.393989983	-0.308737103878
137.095158598	-0.317953691513
137.796327212	-0.354531685265
138.497495826	-0.395059391148
139.198664441	-0.435506872207
139.899833055	-0.471661382337
140.601001669	-0.499644552003
141.302170284	-0.519130171048
142.003338898	-0.529466570069
142.704507513	-0.596861176772
143.405676127	-0.607382802589
144.106844741	-0.572868096704
144.808013356	-0.518270911959
145.50918197	-0.486951749224
146.210350584	-0.498791672992
146.911519199	-0.590856560656
147.612687813	-0.812463916695
148.313856427	-0.945018391627
149.015025042	-0.944591640109
149.716193656	-0.944164888591
150.41736227	-0.943738137072
151.118530885	-0.943311385554
151.819699499	-0.942884634036
152.520868114	-0.942457882518
153.222036728	-0.942031130999
153.923205342	-0.941604379481
154.624373957	-0.941177627963
155.325542571	-0.940750876445
156.026711185	-0.940324124926
156.7278798	-0.939897373408
157.429048414	-0.904072458048
158.130217028	-0.830311969366
158.831385643	-0.688657474898
159.532554257	-0.651466543104
160.233722871	-0.653449046993
160.934891486	-0.667629081618
161.6360601	-0.59308898042
162.337228715	-0.591072521619
163.038397329	-0.662817477543
163.739565943	-0.487600866836
164.440734558	-0.392001735767
165.141903172	-0.335456580822
165.843071786	-0.247410720115
166.544240401	-0.418046890249
167.245409015	-0.534370170862
167.946577629	-0.411303676069
168.647746244	-0.435911418769
169.348914858	-0.458021468948
170.050083472	-0.473523430067
170.751252087	-0.59574722566
171.452420701	-0.671585677837
172.153589316	-0.709073908044
172.85475793	-0.700760356315
173.555926544	-0.563174547864
174.257095159	-0.445757378866
174.958263773	-0.421513571095
175.659432387	-0.140868306487
176.360601002	-0.0338024470096
177.061769616	-0.0955058548217
177.76293823	-0.0485901974045
178.464106845	-0.126951268096
179.165275459	-0.200834225975
179.866444073	-0.0527136357181
180.567612688	-0.151124233571
181.268781302	-0.242767501539
181.969949917	-0.230208042299
182.671118531	0.113112705256
183.372287145	0.205898594626
184.07345576	0.0508218774518
184.774624374	-0.219230804828
185.475792988	-0.175139000021
186.176961603	-0.0493755591045
186.878130217	-0.122479714755
187.579298831	-0.0521604793198
188.280467446	0.0455829044959
188.98163606	0.13920354453
189.682804674	0.0796033734728
190.383973289	0.0937567843596
191.085141903	0.151939029125
191.786310518	0.0632287325092
192.487479132	0.0467840595377
193.188647746	0.0459311145016
193.889816361	0.00137453606486
194.590984975	-0.0802648608111
195.292153589	-0.161224056669
195.993322204	-0.231551726965
196.694490818	-0.266771202608
197.395659432	-0.27910467236
198.096828047	-0.269893181875
198.797996661	-0.234878896608
199.499165275	-0.192818704702
200.20033389	-0.150892553152
200.901502504	-0.116429886299
201.602671119	-0.103536935382
202.303839733	-0.128741444873
203.005008347	-0.198643092298
203.706176962	-0.197281808974
204.407345576	-0.237985723767
205.10851419	-0.283788508794
205.809682805	-0.191724368295
206.510851419	-0.158672655144
207.212020033	-0.151489783696
207.913188648	-0.153267220807
208.614357262	-0.179169984023
209.315525876	-0.213448532909
210.016694491	-0.253483170353
210.717863105	-0.280626965298
211.41903172	-0.251794747169
212.120200334	-0.194554654612
212.821368948	-0.182173474483
213.522537563	-0.179970828095
214.223706177	-0.182781413925
214.924874791	-0.188865354203
215.626043406	-0.196398236534
216.32721202	-0.182229928248
217.028380634	-0.142587149479
217.729549249	-0.0916983541287
218.430717863	-0.0619190719937
219.131886477	-0.0533557536598
219.833055092	-0.0791564003063
220.534223706	-0.121618537299
221.235392321	-0.167553220926
221.936560935	-0.210056463569
222.637729549	-0.237119053687
223.338898164	-0.257427071964
224.040066778	-0.272548079122
224.741235392	-0.294128545648
225.442404007	-0.31745534985
226.143572621	-0.334231218301
226.844741235	-0.321598081706
227.54590985	-0.336232883697
228.247078464	-0.377470036283
228.948247078	-0.453345375843
229.649415693	-0.546421734059
230.350584307	-0.6061480399
231.051752922	-0.631451356707
231.752921536	-0.660492067619
232.45409015	-0.675210924632
233.155258765	-0.656714581174
233.856427379	-0.548829703977
234.557595993	-0.392280231773
235.258764608	-0.25256534959
235.959933222	-0.163055135804
236.661101836	-0.18734102098
237.362270451	-0.270736476168
238.063439065	-0.384981435819
238.764607679	-0.31833168108
239.465776294	-0.089091347349
240.166944908	0.0983162186424
240.868113523	-0.111083255791
241.569282137	-0.328709033011
242.270450751	-0.48785934608
242.971619366	-0.550846904569
243.67278798	-0.513401719884
244.373956594	-0.420463363173
245.075125209	-0.282789526542
245.776293823	-0.146065737966
246.477462437	-0.0318459860497
247.178631052	-0.00543753241269
247.879799666	-0.205054420055
248.58096828	-0.238010470427
249.282136895	-0.23648496826
249.983305509	-0.234959466094
250.684474124	-0.233433963927
251.385642738	-0.23190846176
252.086811352	-0.230382959594
252.787979967	-0.228857457427
253.489148581	-0.22733195526
254.190317195	-0.225806453094
254.89148581	-0.224280950927
255.592654424	-0.22275544876
256.293823038	-0.221229946593
256.994991653	-0.219704444427
257.696160267	-0.187529377135
258.397328881	-0.152028392676
259.098497496	-0.113570010418
259.79966611	-0.0715464938398
260.500834725	-0.0213957992995
261.202003339	0.0344439314891
261.903171953	0.0963085495001
262.604340568	0.168165913112
263.305509182	0.254660801135
264.006677796	0.358447531332
264.707846411	0.504722024833
265.409015025	0.611729574248
266.110183639	0.667160265711
266.811352254	0.596389738616
267.512520868	0.532430451281
268.213689482	0.484495992138
268.914858097	0.467398921819
269.616026711	0.424742622895
270.317195326	0.378588875467
271.01836394	0.336327970961
271.719532554	0.437228956717
272.420701169	0.498606748075
273.121869783	0.534379745069
273.823038397	0.573689299051
274.524207012	0.636239908554
275.225375626	0.716908935614
275.92654424	0.819264796831
276.627712855	0.923290900233
277.328881469	1.00927104364
278.030050083	1.07304513694
278.731218698	1.10204310405
279.432387312	1.1259993093
280.133555927	1.14112198239
280.834724541	1.13202193357
281.535893155	1.11763828507
282.23706177	1.08705798641
282.938230384	1.02795894269
283.639398998	0.956383666964
284.340567613	0.894876678135
285.041736227	0.849298522359
285.742904841	0.866795858443
286.444073456	0.892339305013
287.14524207	0.921501479285
287.846410684	0.9466846986
288.547579299	0.993636239599
289.248747913	1.0302332102
289.949916528	1.03689228487
290.651085142	1.00948597366
291.352253756	0.982415261069
292.053422371	0.962619562741
292.754590985	0.995531486928
293.455759599	1.07309921966
294.156928214	1.18508673623
294.858096828	1.33305337624
295.559265442	1.48227683783
296.260434057	1.62116226093
296.961602671	1.74201287347
297.662771285	1.82175529086
298.3639399	1.88125095696
299.065108514	1.92189867096
299.766277129	1.94013587791
300.467445743	1.93836833494
301.168614357	1.92113864053
301.869782972	1.88666470162
302.570951586	1.84070995452
303.2721202	1.78797838634
303.973288815	1.7286903364
304.674457429	1.65619601965
305.375626043	1.57674124395
306.076794658	1.4916893467
306.777963272	1.40649103505
307.479131886	1.33065567712
308.180300501	1.26442417665
308.881469115	1.21340246725
309.58263773	1.17463624099
310.283806344	1.14154277029
310.984974958	1.11312506389
311.686143573	1.10477954026
312.387312187	1.10582727762
313.088480801	1.11396290145
313.789649416	1.12093716015
314.49081803	1.0717685206
315.191986644	1.00362549694
315.893155259	0.948973705353
316.594323873	0.93742071844
317.295492487	0.942214996381
317.996661102	0.958814907818
318.697829716	0.989529138909
319.398998331	1.02388332795
320.100166945	1.06096054286
320.801335559	1.0981430514
321.502504174	1.13929982958
322.203672788	1.18763812481
322.904841402	1.24968025334
323.606010017	1.34044006164
324.307178631	1.43539111299
325.008347245	1.52956595264
325.70951586	1.59318379777
326.410684474	1.63975571685
327.111853088	1.6699735245
327.813021703	1.67755066608
328.514190317	1.67142441626
329.215358932	1.66676064086
329.916527546	1.67663677258
330.61769616	1.69302159325
331.318864775	1.72208142863
332.020033389	1.76633264012
332.721202003	1.84625572663
333.422370618	1.93786612828
334.123539232	2.03024136103
334.824707846	2.09012195327
335.525876461	2.15261278256
336.227045075	2.21861157359
336.928213689	2.29011888439
337.629382304	2.34305510682
338.330550918	2.36869687849
339.031719533	2.36510896699
339.732888147	2.34037881656
340.434056761	2.3320384521
341.135225376	2.33523674634
341.83639399	2.34451459363
342.537562604	2.3118082962
343.238731219	2.2407339362
343.939899833	2.12008959446
344.641068447	1.94373198757
345.342237062	1.68675243602
346.043405676	1.3557157671
346.74457429	1.10074686262
347.445742905	0.865045595456
348.146911519	0.680894934664
348.848080134	0.649575949296
349.549248748	0.618256963928
350.250417362	0.58693797856
350.951585977	0.555618993192
351.652754591	0.524300007824
352.353923205	0.492981022456
353.05509182	0.461662037088
353.756260434	0.43034305172
354.457429048	0.399024066352
355.158597663	0.367705080983
355.859766277	0.336386095615
356.560934891	0.305067110247
357.262103506	0.323447990534
357.96327212	0.425084059783
358.664440735	0.511112271466
359.365609349	0.601811633728
360.066777963	0.690717416797
360.767946578	0.714333168683
361.469115192	0.625900686486
362.170283806	0.501201114725
362.871452421	0.436232247511
363.572621035	0.341419134089
364.273789649	0.220960376602
364.974958264	0.0709275073899
365.676126878	0.106652512992
366.377295492	0.10369419121
367.078464107	0.0422177797074
367.779632721	-0.173270129335
368.480801336	-0.300169053404
369.18196995	-0.378514972816
369.883138564	-0.434178663951
370.584307179	-0.42689911652
371.285475793	-0.390395842483
371.986644407	-0.32966955883
372.687813022	-0.310968716808
373.388981636	-0.298528529507
374.09015025	-0.318326172952
374.791318865	-0.527007665374
375.492487479	-0.66097368719
376.193656093	-0.749839559043
376.894824708	-0.803480604311
377.595993322	-0.859215432977
378.297161937	-0.917270308234
378.998330551	-0.977977062184
379.699499165	-1.07014512648
380.40066778	-1.05837511896
381.101836394	-0.963534803027
381.803005008	-0.838912555863
382.504173623	-0.735579807542
383.205342237	-0.650688628334
383.906510851	-0.590241166446
384.607679466	-0.414849533598
385.30884808	-0.183484615991
386.010016694	0.0910936545442
386.711185309	-0.00863545323039
387.412353923	-0.102180066648
388.113522538	-0.179120840337
388.814691152	-0.192534984292
389.515859766	-0.165051844221
390.217028381	-0.149114971249
390.918196995	-0.191707960549
391.619365609	-0.173264369961
392.320534224	-0.136898701539
393.021702838	-0.0879403032584
393.722871452	-0.0113304317711
394.424040067	0.0667836842554
395.125208681	0.140822750242
395.826377295	0.191594376874
396.52754591	0.223621028691
397.228714524	0.253670479722
397.929883139	0.292379382542
398.631051753	0.349485862698
399.332220367	0.397164466184
400.033388982	0.428534217347
400.734557596	0.38853330162
401.43572621	0.31818391682
402.136894825	0.24058903326
402.838063439	0.209335800719
403.539232053	0.296288193193
404.240400668	0.424728515965
404.941569282	0.56464899477
405.642737896	0.592293309892
406.343906511	0.477641922885
407.045075125	0.221295488441
407.74624374	-0.100210462337
408.447412354	-0.224630832109
409.148580968	-0.155564340032
409.849749583	0.217378673489
410.550918197	0.782232863003
411.252086811	1.1502028684
411.953255426	1.07419176615
412.65442404	1.0090250759
413.355592654	1.07842198526
414.056761269	1.27240854622
414.757929883	1.40474133715
415.459098497	1.5249843352
416.160267112	1.65413918585
416.861435726	1.8348858749
417.562604341	1.90403967279
418.263772955	1.89956992708
418.964941569	1.81859080702
419.666110184	1.71107461919
420.367278798	1.61892729238
421.068447412	1.54510830901
421.769616027	1.49982465577
422.470784641	1.45505107631
423.171953255	1.40859351445
423.87312187	1.35618499172
424.574290484	1.30426287387
425.275459098	1.16470002163
425.976627713	0.889526321127
426.677796327	0.893450274327
427.378964942	0.916262135954
428.080133556	0.950351972824
428.78130217	1.01080468286
429.482470785	1.00737361825
430.183639399	0.994965794801
430.884808013	1.03886788848
431.585976628	1.08299808962
432.287145242	1.06776553784
432.988313856	0.966875524132
433.689482471	0.773002078151
434.390651085	0.5794471621
435.091819699	0.390184199218
435.792988314	0.219410493234
436.494156928	0.0711641127532
437.195325543	-0.0552467592741
437.896494157	-0.149548991651
438.597662771	-0.198550078393
439.298831386	-0.21784993498
440.0	-0.207723852654
