44.662079282	40.3593821429
49.6276738968	42.5132482143
54.5932685116	44.6671142857
59.5588631264	46.6664839286
64.5244577412	48.1397125
69.490052356	48.8159238095
74.4556469708	48.8077190476
79.4212415856	48.7282238095
84.3868362004	49.1655142857
89.3524308153	50.3201619048
94.3180254301	51.9053880952
99.2836200449	53.3399928571
104.24921466	54.2899785714
109.214809274	54.8995857143
114.180403889	55.4854261905
119.145998504	56.0644690476
124.111593119	56.3570738095
129.077187734	56.2747714286
134.423477936	55.974697619
140.630471204	55.4830357143
146.837464473	54.5738380952
153.044457741	53.1710595238
159.25145101	51.6714928571
165.458444278	50.7507333333
171.665437547	50.7433047619
178.090916978	51.3649571429
185.539308901	52.0496333333
192.987700823	52.5556285714
200.436092745	53.0147690476
207.884484667	53.5265785714
215.332876589	53.8491904762
222.781268512	53.6569595238
230.229660434	52.9498928571
237.678052356	52.110547619
245.343826976	51.6034666667
253.619818	51.6590904762
261.895809025	52.1867738095
270.17180005	52.8922214286
278.447791075	53.4901642857
286.723782099	53.8531095238
295.945994764	54.1135309524
305.256484667	54.4539690476
314.56697457	54.9030404762
323.877464473	55.2588142857
333.187954375	55.2603380952
342.498444278	54.7597761905
351.808934181	53.7635047619
361.119424084	52.5324714286
370.429913987	51.6747452381
379.740403889	51.9904071429
389.050893792	53.9082595238
398.361383695	57.1112190476
407.671873598	60.5321
416.9823635	62.9409857143
426.292853403	63.6582238095
435.603343306	62.8564619048
444.913833209	61.0975714286
454.224323111	58.9330238095
463.534813014	56.8041142857
472.845302917	55.3109619048
482.15579282	55.0073785714
490.925584642	56.0697404762
499.201575667	58.1290380952
507.477566692	60.4074214286
515.753557716	62.094747619
524.029548741	62.7111309524
532.160985789	62.2534404762
539.609377711	61.1564809524
547.057769634	60.0456952381
554.506161556	59.3946428571
561.954553478	59.3265261905
569.4029454	59.6269595238
576.851337322	60.0506738095
584.299729245	60.4934238095
591.748121167	60.9485380952
598.872094241	61.3331238095
605.079087509	61.4380309524
611.286080778	61.1686166667
617.493074046	60.7555095238
622.836053852	60.6536595238
627.801648467	61.2636380952
632.767243082	62.6244547619
637.732837696	64.3027047619
642.698432311	65.5472357143
647.664026926	65.5236166667
652.629621541	63.8928428571
657.595216156	61.1833404762
662.56081077	58.6845595238
668.498006731	57.8093261905
674.705	58.3337166667
680.911993269	59.04470625
687.388783844	59.01786875
694.837175767	58.4025875
702.285567689	57.78730625
709.733959611	57.172025
717.182351533	56.55674375
724.630743455	55.9246330357
732.079135378	55.0878375
739.5275273	54.3845857143
746.975919222	53.9470119048
754.675901272	53.9621809524
762.951892296	54.07845
771.227883321	54.2558261905
779.503874346	54.6446428571
787.77986537	55.3578880952
796.055856395	56.2662595238
805.320828347	57.0741738095
814.63131825	57.6127238095
823.941808153	58.0773238095
833.252298055	58.7472380952
842.562787958	59.5097666667
851.873277861	59.8464095238
861.183767764	59.260297619
870.494257666	57.7874547619
879.804747569	55.8779595238
889.115237472	54.1608142857
898.425727375	53.1101619048
907.736217277	52.9229619048
917.04670718	53.4609833333
926.357197083	54.330097619
935.667686986	55.0590904762
944.978176889	55.343397619
954.288666791	55.1841714286
963.599156694	54.8106928571
972.909646597	54.3684785714
982.2201365	53.7928
991.530626402	53.0190214286
1000.84111631	52.2229214286
1010.15160621	51.7508904762
1019.46209611	51.8851309524
1028.77258601	52.6599071429
1038.08307592	54.0032380952
1047.39356582	55.8372261905
1056.70405572	58.0837119048
1065.56626278	60.327547619
1073.8422538	61.6802261905
1082.11824483	61.3021095238
1090.39423585	59.214397619
1098.67022688	56.3761428571
1106.9462179	54.1890928571
1115.22220893	53.5637214286
1123.49819995	54.5477190476
1131.77419097	56.2472595238
1140.050182	57.3486928571
1148.32617302	57.1051047619
1156.60216405	55.8861547619
1164.87815507	54.8011261905
1173.1541461	54.7127571429
1181.43013712	55.639852381
1189.70612815	57.0959190476
1197.98211917	58.6365666667
1206.2581102	60.1797285714
1214.53410122	61.6804357143
1222.81009225	62.8851880952
1231.08608327	63.4764380952
1239.3620743	63.4125833333
1247.63806532	62.9254238095
1255.91405635	62.2647642857
1264.19004737	61.5730785714
1272.46603839	61.0019
1280.74202942	60.8580928571
1289.735273	61.6594547619
1299.0457629	63.9385595238
1308.3562528	67.7032428571
1317.66674271	72.0291547619
1326.97723261	75.4497404762
1336.28772251	76.537297619
1345.59821242	74.8309190476
1355.25794914	70.5604880952
1365.18913837	64.747402381
1375.1203276	58.5617619048
1385.05151683	53.2545214286
1394.98270606	49.7637666667
1404.91389529	48.7863166667
1414.84508452	50.5662380952
1424.77627375	54.676602381
1434.70746298	59.5284619048
1446.25081526	62.9612642857
1458.6648018	63.3922904762
1471.07878833	60.8643261905
1483.75346859	56.6919809524
1499.27095176	52.2254738095
1514.78843493	48.4059392857
1530.3059181	46.102325
1545.82340127	45.1206785714
1561.34088444	45.0401607143
1576.85836761	44.9596428571
1592.37585079	44.879125
1608.87955622	44.7986071429
1625.43153827	44.7180892857
1641.98352032	45.3308988095
1658.53550237	46.7016690476
1675.08748442	48.6818809524
1692.89189978	50.427202381
1711.51287958	51.6253642857
1730.13385939	52.1737285714
1748.8375991	52.1608880952
1769.52757666	52.0906404762
1790.21755423	52.5823142857
1810.90753179	53.8944309524
1831.59750935	55.59645
1852.28748691	56.7409047619
1875.84095737	56.5384380952
1900.66893044	54.9808714286
1925.49690352	52.9318452381
1950.32487659	51.465397619
1975.15284966	51.1396738095
1999.98082274	51.7782380952
2024.80879581	52.7664928571
2049.63676889	53.5822785714
2074.46474196	54.0914809524
2099.29271503	54.4823357143
2124.12068811	54.9462928571
2144.82721765	55.5623285714
2165.51719521	56.3106571429
2186.20717277	56.9703428571
2206.89715034	56.9972642857
2227.5871279	55.7822595238
2246.93639491	53.2835809524
2265.55737472	50.2858452381
2284.17835453	47.9497761905
2302.62829718	47.0140166667
2319.18027923	47.5128214286
2335.73226128	48.8292571429
2352.28424333	50.1244214286
2368.83622538	50.7704595238
2385.38820743	50.7722952381
2398.90014211	50.6335309524
2411.31412865	50.8547809524
2421.36449215	51.5391452381
2431.29568138	52.4339452381
2441.22687061	53.2272238095
2451.15805984	53.7215404762
2461.08924907	53.9007214286
2471.02043829	53.8980238095
2480.95162752	53.9180119048
2490.88281675	54.1463380952
2500.91000748	54.6601214286
2513.32399402	55.4675261905
2525.73798055	56.4769952381
2538.15196709	57.581397619
2550.56595363	58.7262642857
2562.97994016	59.9237547619
2575.3939267	61.1251
2587.80791324	62.1203238095
2600.22189978	62.6069809524
2612.63588631	62.383847619
2625.04987285	61.5523571429
2638.52732423	60.552352381
2654.0448074	60.0363571429
2669.56229058	60.4301261905
2685.07977375	61.6658452381
2700.59725692	63.271997619
2716.11474009	64.7012
2731.63222326	65.8022404762
2747.14970643	66.6776595238
2762.6671896	67.5020833333
2778.18467277	68.3193238095
2793.70215595	68.9893785714
2809.21963912	69.3091452381
2824.73712229	69.0688
2840.25460546	68.2116404762
2855.51967091	66.9038547619
2867.93365744	65.3878142857
2879.60611518	63.8432333333
2889.53730441	62.3127047619
2899.46849364	60.7594928571
2909.39968287	59.1047404762
2919.3308721	57.3542761905
2929.26206133	55.6209833333
2939.19325056	54.14375
2949.12443979	53.1174142857
2959.05562902	52.59
2968.74764211	52.4923285714
2978.05813201	52.6374833333
2987.36862191	52.6243738095
2996.67911182	52.8736241071
3005.98960172	53.4727919643
3015.30009162	54.681125
3024.61058153	55.9790133929
3033.65761905	57.2769017857
3041.93361007	58.5747901786
3050.2096011	59.8726785714
3058.48559212	60.6718723214
3066.76158315	60.3815294643
3075.03757417	59.2495547619
3083.3135652	57.9943452381
3091.58955622	57.6239238095
3099.86554725	58.3236595238
3108.14153827	59.8885166667
3116.41752929	61.5011595238
3125.27146036	62.3201428571
3134.58195026	62.1190357143
3143.89244016	61.5258595238
3153.20293007	61.406452381
3162.51341997	62.2262547619
3171.82390987	63.6745309524
3181.13439978	64.9978714286
3190.71054899	65.7023214286
3200.64173822	65.9332452381
3210.57292745	66.2649333333
3220.50411668	67.17675
3230.43530591	68.5457095238
3240.36649514	69.6115404762
3250.29768437	69.468097619
3260.2288736	67.6860761905
3270.16006283	64.6830309524
3281.36906507	61.3113595238
3293.78305161	58.3563785714
3309.22605086	56.3132380952
3325.77803291	55.5651880952
3342.33001496	56.4489309524
3358.88199701	59.024747619
3375.43397906	62.6276880952
3392.78045625	65.8866214286
3411.40143605	67.4242952381
3430.02241586	66.7768928571
3448.64339566	64.5460261905
3472.34583396	61.8480642857
3497.39725879	59.6539238095
3528.43222513	58.3628690476
3559.46719147	57.8765642857
3590.50215782	57.7592714286
3624.45854899	57.4603738095
3661.7005086	56.6768333333
3707.48329095	55.5307642857
3757.1392371	54.5241214286
3806.79518325	54.0379380952
3856.45112939	54.0126690476
3906.10707554	54.1151452381
3955.76302169	53.9670738095
4005.41896784	53.3631238095
4048.15618549	52.4036452381
4085.3981451	51.4286166667
4113.02340314	51.0004309524
4137.85137622	51.5923714286
4156.52201197	53.15255
4175.14299177	54.8716595238
4193.76397158	55.75435
4211.50217901	55.5344333333
4228.05416106	54.9923904762
4244.60614311	55.1580857143
4261.15812516	56.3595952381
4277.71010721	58.1234619048
4294.18070868	59.7585666667
4309.69819185	60.9290428571
4325.21567502	61.643702381
4340.73315819	61.9849404762
4356.25064136	61.9667928571
4371.76812453	61.737552381
4387.2856077	61.6065833333
4402.80309088	61.8441357143
4415.37845924	62.4741571429
4427.79244577	63.3298642857
4440.20643231	64.2114952381
4452.62041885	64.8852119048
4465.03440539	65.0908357143
