20.0	-1.60671878002
20.7011686144	-1.01829623125
21.4023372287	-0.517421203717
22.1035058431	-0.127159551914
22.8046744574	-0.000134453056722
23.5058430718	-0.132853715381
24.2070116861	-0.427939514211
24.9081803005	-0.871190521436
25.6093489149	-1.3364931962
26.3105175292	-1.74200802594
27.0116861436	-2.06476462046
27.7128547579	-2.18922786859
28.4140233723	-2.18437226102
29.1151919866	-2.06850007186
29.816360601	-1.84413481122
30.5175292154	-1.62006218828
31.2186978297	-1.43864934207
31.9198664441	-1.35111944201
32.6210350584	-1.42327968996
33.3222036728	-1.58219431172
34.0233722871	-1.81983341563
34.7245409015	-2.08421234488
35.4257095159	-2.3034350242
36.1268781302	-2.46837289978
36.8280467446	-2.51985390023
37.5292153589	-2.47094949132
38.2303839733	-2.36097856308
38.9315525876	-2.19287235783
39.632721202	-2.00223561452
40.3338898164	-1.82353926439
41.0350584307	-1.66630160921
41.7362270451	-1.61628452347
42.4373956594	-1.66850188657
43.1385642738	-1.80635564576
43.8397328881	-2.04158843987
44.5409015025	-2.29948577058
45.2420701169	-2.55130209448
45.9432387312	-2.7788493364
46.6444073456	-3.00243510119
47.3455759599	-3.24413533395
48.0467445743	-3.47464421689
48.7479131886	-3.28249411626
49.449081803	-3.09034401562
50.1502504174	-2.89819391499
50.8514190317	-2.70604381436
51.5525876461	-2.51389371373
52.2537562604	-2.32174361309
52.9549248748	-2.12959351246
53.6560934891	-1.93744341183
54.3572621035	-1.7452933112
55.0584307179	-1.55314321056
55.7595993322	-1.36099310993
56.4607679466	-1.1688430093
57.1619365609	-1.01897142802
57.8631051753	-1.00988295756
58.5642737896	-1.04846674359
59.265442404	-1.08869818402
59.9666110184	-1.11264945516
60.6677796327	-1.05337446439
61.3689482471	-0.946052573076
62.0701168614	-0.796347978977
62.7712854758	-0.620851037675
63.4724540902	-0.459834991529
64.1736227045	-0.325006026731
64.8747913189	-0.248445320889
65.5759599332	-0.210089085484
66.2771285476	-0.169559173952
66.9782971619	-0.112995136334
67.6794657763	-0.0315858423607
68.3806343907	0.0309538137538
69.081803005	0.0698922505536
69.7829716194	0.0555072553649
70.4841402337	0.0262761609014
71.1853088481	-0.00688303207164
71.8864774624	-0.0324507090325
72.5876460768	-0.0697591368368
73.2888146912	-0.137533982366
73.9899833055	-0.24556885436
74.6911519199	-0.423549222393
75.3923205342	-0.597179357783
76.0934891486	-0.754628806182
76.7946577629	-0.834351161143
77.4958263773	-0.831099614881
78.1969949917	-0.777353419429
78.898163606	-0.682320956515
79.5993322204	-0.605241151553
80.3005008347	-0.549201392911
81.0016694491	-0.517146574481
81.7028380634	-0.484594804449
82.4040066778	-0.434915426012
83.1051752922	-0.37277682153
83.8063439065	-0.311424562899
84.5075125209	-0.288813761274
85.2086811352	-0.303457144185
85.9098497496	-0.371132701056
86.6110183639	-0.475369382447
87.3121869783	-0.575304943015
88.0133555927	-0.661986508369
88.714524207	-0.688225146236
89.4156928214	-0.678536659547
90.1168614357	-0.637589406458
90.8180300501	-0.563712544242
91.5191986644	-0.484280212858
92.2203672788	-0.411016219695
92.9215358932	-0.355458623436
93.6227045075	-0.325984196722
94.3238731219	-0.30657706399
95.0250417362	-0.294409362229
95.7262103506	-0.264429609006
96.4273789649	-0.220197987757
97.1285475793	-0.16749790556
97.8297161937	-0.117745137748
98.530884808	-0.0920075421164
99.2320534224	-0.0901729287724
99.9332220367	-0.121087960835
100.634390651	-0.198259115236
101.335559265	-0.301200203068
102.03672788	-0.428082202326
102.737896494	-0.576100244692
103.439065109	-0.685095326612
104.140233723	-0.739977895534
104.841402337	-0.671590713461
105.542570952	-0.452896306924
106.243739566	-0.152983075079
106.94490818	0.216899373646
107.646076795	0.589863667808
108.347245409	0.898340413396
109.048414023	1.12681995694
109.749582638	1.16651847723
110.450751252	1.11325841378
111.151919866	0.995140998688
111.853088481	0.829250997635
112.554257095	0.624354059805
113.25542571	0.401844543414
113.956594324	0.166642247523
114.657762938	-0.0306991670388
115.358931553	-0.175603970163
116.060100167	-0.26024438143
116.761268781	-0.209962977753
117.462437396	-0.0693884624025
118.16360601	0.134994701394
118.864774624	0.395876501064
119.565943239	0.636088711004
120.267111853	0.837796696543
120.968280467	0.984960788665
121.669449082	1.01635926597
122.370617696	0.985952973315
123.071786311	0.899578713865
123.772954925	0.762906010461
124.474123539	0.635616593671
125.175292154	0.526654067394
125.876460768	0.459191998085
126.577629382	0.44362086407
127.278797997	0.45744290079
127.979966611	0.498981480537
128.681135225	0.543788888872
129.38230384	0.582029836152
130.083472454	0.616167271731
130.784641068	0.661060656009
131.485809683	0.710694408136
132.186978297	0.758674890321
132.888146912	0.79633002967
133.589315526	0.800927104281
134.29048414	0.778326178272
134.991652755	0.726143718693
135.692821369	0.660320081698
136.393989983	0.626332765151
137.095158598	0.628433293953
137.796327212	0.701466372
138.497495826	0.830335838791
139.198664441	0.993531321841
139.899833055	1.18573112328
140.601001669	1.34560280833
141.302170284	1.45155709639
142.003338898	1.49257057419
142.704507513	1.35372233087
143.405676127	1.12048295871
144.106844741	0.813628428125
144.808013356	0.479733882557
145.50918197	0.243030033281
146.210350584	0.109393936282
146.911519199	0.130742692392
147.612687813	0.396059998706
148.313856427	0.53237214534
149.015025042	0.46600801206
149.716193656	0.399643878779
150.41736227	0.333279745499
151.118530885	0.266915612218
151.819699499	0.200551478937
152.520868114	0.134187345657
153.222036728	0.0678232123764
153.923205342	0.00145907909581
154.624373957	-0.0649050541847
155.325542571	-0.131269187465
156.026711185	-0.197633320746
156.7278798	-0.263997454026
157.429048414	-0.307058960119
158.130217028	-0.327991052411
158.831385643	-0.316696543821
159.532554257	-0.302097286513
160.233722871	-0.289867499084
160.934891486	-0.28446931361
161.6360601	-0.272237565581
162.337228715	-0.241870726975
163.038397329	-0.190301741573
163.739565943	-0.0975566453841
164.440734558	0.00358504728934
165.141903172	0.10340089023
165.843071786	0.178436684921
166.544240401	0.2204336578
167.245409015	0.249235671312
167.946577629	0.271224890105
168.647746244	0.338359127722
169.348914858	0.425961400542
170.050083472	0.527081889689
170.751252087	0.584174563173
171.452420701	0.576957521771
172.153589316	0.51087087391
172.85475793	0.360961941717
173.555926544	0.169470207354
174.257095159	-0.0323412785037
174.958263773	-0.233212741355
175.659432387	-0.378525518724
176.360601002	-0.47384263172
177.061769616	-0.517866913462
177.76293823	-0.48533547558
178.464106845	-0.413002162317
179.165275459	-0.31714653784
179.866444073	-0.210941559228
180.567612688	-0.134124765132
181.268781302	-0.0878425256649
181.969949917	-0.0795571750792
182.671118531	-0.112042139479
183.372287145	-0.152441247522
184.07345576	-0.197151932921
184.774624374	-0.232743359179
185.475792988	-0.2733016389
186.176961603	-0.325472334879
186.878130217	-0.405072696948
187.579298831	-0.501026133583
188.280467446	-0.586951827105
188.98163606	-0.652675497702
189.682804674	-0.667226998666
190.383973289	-0.642317453993
191.085141903	-0.578799095379
191.786310518	-0.463566642755
192.487479132	-0.325413178008
193.188647746	-0.165284121848
193.889816361	0.0272511600452
194.590984975	0.257779385415
195.292153589	0.50190580023
195.993322204	0.755152878072
196.694490818	0.897436770412
197.395659432	0.915001931498
198.096828047	0.810523394358
198.797996661	0.540237975925
199.499165275	0.235430747484
200.20033389	-0.0663695013981
200.901502504	-0.325726389917
201.602671119	-0.435165705081
202.303839733	-0.436684516587
203.005008347	-0.328352286919
203.706176962	-0.113685461191
204.407345576	0.0916380644818
205.10851419	0.265069477323
205.809682805	0.301128543001
206.510851419	0.196348993241
207.212020033	0.0292294539065
207.913188648	-0.160662648659
208.614357262	-0.25746333077
209.315525876	-0.280732458323
210.016694491	-0.228039516583
210.717863105	-0.086476931422
211.41903172	0.0667079698165
212.120200334	0.224807853333
212.821368948	0.368840794559
213.522537563	0.505358199075
214.223706177	0.647029077133
214.924874791	0.805182695614
215.626043406	0.947733205357
216.32721202	1.05106999553
217.028380634	1.10881312834
217.729549249	1.09738646078
218.430717863	1.0654828506
219.131886477	1.01622797838
219.833055092	0.947576478377
220.534223706	0.877112512546
221.235392321	0.809061609688
221.936560935	0.746906231183
222.637729549	0.689022637116
223.338898164	0.651788373244
224.040066778	0.642819572004
224.741235392	0.743514538325
225.442404007	0.946787131115
226.143572621	1.24418619596
226.844741235	1.67412981187
227.54590985	2.14990927977
228.247078464	2.58994044921
228.948247078	2.94031420128
229.649415693	3.06981396468
230.350584307	3.03987487575
231.051752922	2.85118200688
231.752921536	2.45021170283
232.45409015	1.92542752075
233.155258765	1.32230461064
233.856427379	0.680611832332
234.557595993	0.0852025279417
235.258764608	-0.441844162387
235.959933222	-0.87238757669
236.661101836	-1.11785121756
237.362270451	-1.21355345534
238.063439065	-1.15437291223
238.764607679	-0.841095165424
239.465776294	-0.39542136484
240.166944908	0.132043465809
240.868113523	0.707128125053
241.569282137	1.08169292239
242.270450751	1.26555378351
242.971619366	1.21968445609
243.67278798	0.892229368267
244.373956594	0.490625378914
245.075125209	0.0359930883935
245.776293823	-0.406485297182
246.477462437	-0.814932119581
247.178631052	-1.19107091568
247.879799666	-1.51934362214
248.58096828	-1.55717281114
249.282136895	-1.5349102379
249.983305509	-1.51264766467
250.684474124	-1.49038509143
251.385642738	-1.46812251819
252.086811352	-1.44585994495
252.787979967	-1.42359737172
253.489148581	-1.40133479848
254.190317195	-1.37907222524
254.89148581	-1.35680965201
255.592654424	-1.33454707877
256.293823038	-1.31228450553
256.994991653	-1.29002193229
257.696160267	-1.09648232294
258.397328881	-0.920628891297
259.098497496	-0.765041940332
259.79966611	-0.644939938099
260.500834725	-0.569801030368
261.202003339	-0.533342244329
261.903171953	-0.548022055673
262.604340568	-0.591450605459
263.305509182	-0.61521162578
264.006677796	-0.60652379547
264.707846411	-0.492541769989
265.409015025	-0.331586550855
266.110183639	-0.136238751881
266.811352254	0.0636161035361
267.512520868	0.180697982928
268.213689482	0.207597609266
268.914858097	0.098271645832
269.616026711	-0.124432333038
270.317195326	-0.363040989981
271.01836394	-0.59903672377
271.719532554	-0.727322415845
272.420701169	-0.775086699516
273.121869783	-0.753111906866
273.823038397	-0.654805968014
274.524207012	-0.541762948933
275.225375626	-0.435488986245
275.92654424	-0.354007900423
276.627712855	-0.31100608371
277.328881469	-0.27815291378
278.030050083	-0.251053645105
278.731218698	-0.20972855292
279.432387312	-0.16007185451
280.133555927	-0.103597859265
280.834724541	-0.0401615553934
281.535893155	0.0410209383019
282.23706177	0.124727523026
282.938230384	0.202660648903
283.639398998	0.202860702723
284.340567613	0.114531749228
285.041736227	-0.0682267947699
285.742904841	-0.387563521885
286.444073456	-0.718637659562
287.14524207	-1.03361255987
287.846410684	-1.2609564803
288.547579299	-1.35785901679
289.248747913	-1.37028675221
289.949916528	-1.29561693619
290.651085142	-1.14287893074
291.352253756	-0.982955907023
292.053422371	-0.82811497648
292.754590985	-0.749063582425
293.455759599	-0.73317756636
294.156928214	-0.757806382151
294.858096828	-0.804987133155
295.559265442	-0.818760227488
296.260434057	-0.800944036981
296.961602671	-0.744014020686
297.662771285	-0.647233985388
298.3639399	-0.548614883037
299.065108514	-0.453323330456
299.766277129	-0.386288236269
300.467445743	-0.338582238091
301.168614357	-0.308586291763
301.869782972	-0.304001392237
302.570951586	-0.31447433679
303.2721202	-0.323974509055
303.973288815	-0.326526193713
304.674457429	-0.305872797088
305.375626043	-0.270483603094
306.076794658	-0.22027616971
306.777963272	-0.146948275507
307.479131886	-0.0538288983487
308.180300501	0.0500724478187
308.881469115	0.158625789603
309.58263773	0.261130704436
310.283806344	0.365972702939
310.984974958	0.476061121948
311.686143573	0.598316226111
312.387312187	0.719737107055
313.088480801	0.836665091445
313.789649416	0.928657898132
314.49081803	0.979113141681
315.191986644	0.988838323057
315.893155259	0.937753799507
316.594323873	0.8339076406
317.295492487	0.718759711622
317.996661102	0.601117899379
318.697829716	0.536877120159
319.398998331	0.536925796291
320.100166945	0.598561252708
320.801335559	0.738751417833
321.502504174	0.900383358649
322.203672788	1.06703431457
322.904841402	1.22523876342
323.606010017	1.33279844406
324.307178631	1.41960568145
325.008347245	1.49016416757
325.70951586	1.57471540784
326.410684474	1.65591431249
327.111853088	1.73421985556
327.813021703	1.80977412004
328.514190317	1.8819064839
329.215358932	1.93716984492
329.916527546	1.95718684529
330.61769616	1.92114036618
331.318864775	1.85100863734
332.020033389	1.74790460186
332.721202003	1.60436979828
333.422370618	1.45586855272
334.123539232	1.30524615575
334.824707846	1.1600339499
335.525876461	1.01640002709
336.227045075	0.872189421613
336.928213689	0.725675958249
337.629382304	0.578040087663
338.330550918	0.420039250756
339.031719533	0.250092453534
339.732888147	0.0702647645633
340.434056761	-0.0986000234803
341.135225376	-0.253534772367
341.83639399	-0.378404663464
342.537562604	-0.461350680598
343.238731219	-0.515826388703
343.939899833	-0.539869154513
344.641068447	-0.535200602718
345.342237062	-0.516407888155
346.043405676	-0.486236092946
346.74457429	-0.465324478032
347.445742905	-0.500961651625
348.146911519	-0.537206266986
348.848080134	-0.453489774374
349.549248748	-0.369773281762
350.250417362	-0.286056789149
350.951585977	-0.202340296537
351.652754591	-0.118623803925
352.353923205	-0.0349073113126
353.05509182	0.0488091812997
353.756260434	0.132525673912
354.457429048	0.216242166524
355.158597663	0.299958659136
355.859766277	0.383675151749
356.560934891	0.467391644361
357.262103506	0.469032370765
357.96327212	0.333183119383
358.664440735	0.23185093384
359.365609349	0.172003108981
360.066777963	0.161106045487
360.767946578	0.270167690989
361.469115192	0.451428191318
362.170283806	0.660934282023
362.871452421	0.847156431752
363.572621035	0.931841525336
364.273789649	0.952059620341
364.974958264	0.907227232509
365.676126878	0.807850951259
366.377295492	0.733899102142
367.078464107	0.697991341537
367.779632721	0.777042735591
368.480801336	0.918115315969
369.18196995	1.0874691648
369.883138564	1.25640898816
370.584307179	1.36740218778
371.285475793	1.42830467024
371.986644407	1.43314372163
372.687813022	1.41348050064
373.388981636	1.42570239726
374.09015025	1.47505345991
374.791318865	1.60002501175
375.492487479	1.76012761191
376.193656093	1.92235211383
376.894824708	2.05112577748
377.595993322	2.04730079201
378.297161937	1.9424803359
378.998330551	1.73216458999
379.699499165	1.39891924509
380.40066778	1.05788085385
381.101836394	0.717913652188
381.803005008	0.417353664375
382.504173623	0.169249458312
383.205342237	-0.0277620187279
383.906510851	-0.150893511114
384.607679466	-0.146958562606
385.30884808	-0.0516805405867
386.010016694	0.137342217393
386.711185309	0.502070466429
387.412353923	0.908242508671
388.113522538	1.3237055683
388.814691152	1.63700364726
389.515859766	1.76215179833
390.217028381	1.75011468222
390.918196995	1.58282176291
391.619365609	1.31374017711
392.320534224	1.0264419785
393.021702838	0.735892669319
393.722871452	0.521002189956
394.424040067	0.375123622139
395.125208681	0.285842252708
395.826377295	0.249437540502
396.52754591	0.242266391664
397.228714524	0.247949590293
397.929883139	0.260311536688
398.631051753	0.201993851247
399.332220367	0.101464761372
400.033388982	-0.0365774574756
400.734557596	-0.161752330803
401.43572621	-0.257974151801
402.136894825	-0.322850843176
402.838063439	-0.331227688431
403.539232053	-0.307385750999
404.240400668	-0.27892916617
404.941569282	-0.260172759016
405.642737896	-0.28021093871
406.343906511	-0.326373436344
407.045075125	-0.398861104502
407.74624374	-0.512832963909
408.447412354	-0.624365740033
409.148580968	-0.723532842201
409.849749583	-0.78185561068
410.550918197	-0.761428336593
411.252086811	-0.672879360203
411.953255426	-0.501235361074
412.65442404	-0.273059855766
413.355592654	-0.087458635334
414.056761269	0.0393318692555
414.757929883	0.0127272527122
415.459098497	-0.0762674092184
416.160267112	-0.185664244714
416.861435726	-0.252892494313
417.562604341	-0.197479280515
418.263772955	-0.0713221707664
418.964941569	0.122056895297
419.666110184	0.317715195227
420.367278798	0.488662576214
421.068447412	0.631454167148
421.769616027	0.722643853963
422.470784641	0.789806750227
423.171953255	0.83927576354
423.87312187	0.870475445684
424.574290484	0.874422496661
425.275459098	0.857355836291
425.976627713	0.81711851406
426.677796327	0.784133669262
427.378964942	0.780074815673
428.080133556	0.804851281591
428.78130217	0.864149993206
429.482470785	0.938579381563
430.183639399	1.02361351037
430.884808013	1.11920510737
431.585976628	1.2080424372
432.287145242	1.28241695296
432.988313856	1.33785255632
433.689482471	1.3406258614
434.390651085	1.30279659172
435.091819699	1.22257174223
435.792988314	1.07046693798
436.494156928	0.879687288716
437.195325543	0.674396705965
437.896494157	0.473484578817
438.597662771	0.32173108505
439.298831386	0.222255539346
440.0	0.181703068811
