0.0	-0.276788916519
7.61268781302	-0.30346765007
15.225375626	-0.33537849114
22.8380634391	-0.367548430186
30.4507512521	-0.395230123645
38.0634390651	-0.40856949042
45.6761268781	-0.399175099283
53.2888146912	-0.369675540991
60.9015025042	-0.321232577439
68.5141903172	-0.252630119737
76.1268781302	-0.170224426302
83.7395659432	-0.0788547786909
91.3522537563	0.0193475332933
98.9649415693	0.122251219846
106.577629382	0.228447958096
114.190317195	0.334113963395
121.803005008	0.438923273773
129.415692821	0.54373258415
137.028380634	0.648541894528
144.641068447	0.753351204906
152.25375626	0.859853010128
159.866444073	0.887732903439
167.479131886	0.880787497284
175.091819699	0.898148842664
182.704507513	0.90270876315
190.317195326	0.877643160494
197.929883139	0.81984157141
205.542570952	0.727579355266
213.155258765	0.601689744268
220.767946578	0.474281788864
228.380634391	0.34132860426
235.993322204	0.1972997194
243.606010017	0.0216721019178
251.21869783	-0.154931631649
258.831385643	-0.182181794602
266.444073456	-0.228268163767
274.056761269	-0.285496435792
281.669449082	-0.353471175154
289.282136895	-0.435594370035
296.894824708	-0.527117454959
304.507512521	-0.622691824211
312.120200334	-0.711300990184
319.732888147	-0.776383066839
327.34557596	-0.837660636623
334.958263773	-0.899494263807
342.570951586	-0.960604026301
350.183639399	-1.01940872688
357.796327212	-1.0718816216
365.409015025	-1.12508393598
373.021702838	-1.17890940888
380.634390651	-1.23235169394
388.247078464	-1.27613077831
395.859766277	-1.31759148712
403.47245409	-1.34696724044
411.085141903	-1.36265240641
418.697829716	-1.37768487618
426.310517529	-1.39050886239
433.923205342	-1.39882297986
441.535893155	-1.40134052556
449.148580968	-1.39600854697
456.761268781	-1.39678265104
464.373956594	-1.40030072312
471.986644407	-1.41026912675
479.59933222	-1.43436289122
487.212020033	-1.46206502337
494.824707846	-1.49716562967
502.437395659	-1.53193592694
510.050083472	-1.55698876464
517.662771285	-1.55418078477
525.275459098	-1.56546084891
532.888146912	-1.58915265816
540.500834725	-1.62146240845
548.113522538	-1.63281979834
555.726210351	-1.63935716167
563.338898164	-1.61992737128
570.951585977	-1.56095975328
578.56427379	-1.44366510781
586.176961603	-1.32224525751
593.789649416	-1.21368909888
601.402337229	-1.12849256926
609.015025042	-1.08499246395
616.627712855	-1.06416181094
624.240400668	-1.05033257994
631.853088481	-1.03806541864
639.465776294	-1.02167473814
647.078464107	-0.986128928619
654.69115192	-0.944955687872
662.303839733	-0.899720428902
669.916527546	-0.851126079252
677.529215359	-0.807115636567
685.141903172	-0.777296050592
692.754590985	-0.759263033853
700.367278798	-0.751272949092
707.979966611	-0.767721975521
715.592654424	-0.772827171019
723.205342237	-0.776214474374
730.81803005	-0.784596037042
738.430717863	-0.807285232008
746.043405676	-0.828077285167
753.656093489	-0.83369895554
761.268781302	-0.817134324213
768.881469115	-0.76905891243
776.494156928	-0.710341091757
784.106844741	-0.647179787628
791.719532554	-0.591020878712
799.332220367	-0.566497785418
806.94490818	-0.572479765847
814.557595993	-0.580085880967
822.170283806	-0.584984711965
829.782971619	-0.585294987391
837.395659432	-0.575106237103
845.008347245	-0.568781192514
852.621035058	-0.564711770375
860.233722871	-0.560961961186
867.846410684	-0.562114798874
875.459098497	-0.571560134541
883.071786311	-0.582835049268
890.684474124	-0.591424980937
898.297161937	-0.594410733089
905.90984975	-0.608932924628
913.522537563	-0.615563088982
921.135225376	-0.612243590771
928.747913189	-0.626462575938
936.360601002	-0.638379226993
943.973288815	-0.626701251038
951.585976628	-0.586103397048
959.198664441	-0.516157676261
966.811352254	-0.427017890276
974.424040067	-0.330941581905
982.03672788	-0.234675680233
989.649415693	-0.147122205397
997.262103506	-0.118235083645
1004.87479132	-0.147111866255
1012.48747913	-0.208222716567
1020.10016694	-0.27140147775
1027.71285476	-0.276113275279
1035.32554257	-0.237418789393
1042.93823038	-0.0921556348386
1050.5509182	0.199383089572
1058.16360601	0.572849854208
1065.77629382	0.90722440932
1073.38898164	1.16458022214
1081.00166945	1.318924611
1088.61435726	1.32469092097
1096.22704508	1.28972975044
1103.83973289	1.27644821059
1111.4524207	1.30424567989
1119.06510851	1.37815264318
1126.67779633	1.36827840728
1134.29048414	1.2481941051
1141.90317195	1.12742383412
1149.51585977	1.23336210394
1157.12854758	1.33267247777
1164.74123539	1.41509304729
1172.35392321	1.47830783566
1179.96661102	1.52085915214
1187.57929883	1.51287247474
1195.19198664	1.475175331
1202.80467446	1.41164290456
1210.41736227	1.3279927993
1218.03005008	1.25473468868
1225.6427379	1.18794779486
1233.25542571	1.12870158905
1240.86811352	1.0800754858
1248.48080134	1.05903800023
1256.09348915	1.04777775091
1263.70617696	1.05136506978
1271.31886477	1.07119426495
1278.93155259	1.10610876679
1286.5442404	1.16603695295
1294.15692821	1.20490498018
1301.76961603	1.2088464043
1309.38230384	1.16648303209
1316.99499165	1.13484955172
1324.60767947	1.14664158747
1332.22036728	1.21557217015
1339.83305509	1.35598896316
1347.4457429	1.59876222405
1355.05843072	2.15506748911
1362.67111853	2.29556496064
1370.28380634	1.40031828718
1377.89649416	1.13116181722
1385.50918197	0.998320918646
1393.12186978	0.875752587695
1400.7345576	0.722090165703
1408.34724541	0.839969828211
1415.95993322	0.761355067193
1423.57262104	0.601448721369
1431.18530885	0.459474222306
1438.79799666	0.579083495244
1446.41068447	0.376871500127
1454.02337229	0.0473833502718
1461.6360601	-0.138852545771
1469.24874791	0.41635788183
1476.86143573	0.744145068099
1484.47412354	0.796707319722
1492.08681135	0.737522467135
1499.69949917	0.847422266145
1507.31218698	0.752609218073
1514.92487479	0.635179061634
1522.5375626	0.509996754301
1530.15025042	0.384814446969
1537.76293823	0.259632139636
1545.37562604	0.134449832303
1552.98831386	0.0675360867498
1560.60100167	0.0835277071726
1568.21368948	0.0147677659368
1575.8263773	-0.105648179575
1583.43906511	-0.250644556563
1591.05175292	-0.399492931547
1598.66444073	-0.506179978122
1606.27712855	-0.40595990857
1613.88981636	-0.168063832682
1621.50250417	0.0753524710766
1629.11519199	-0.0232929402019
1636.7278798	0.019437142689
1644.34056761	-0.0718568444769
1651.95325543	-0.288697207499
1659.56594324	-0.535951173207
1667.17863105	-0.652993927753
1674.79131886	-0.645778064481
1682.40400668	-0.55846577364
1690.01669449	-0.446200565906
1697.6293823	-0.379425996994
1705.24207012	-0.366266872247
1712.85475793	-0.371165602955
1720.46744574	-0.359342676599
1728.08013356	-0.249579721898
1735.69282137	-0.0927714842451
1743.30550918	0.0345059928064
1750.91819699	0.0884214621921
1758.53088481	0.038740191556
1766.14357262	-0.0434779620193
1773.75626043	-0.113517035372
1781.36894825	-0.161406622121
1788.98163606	-0.201735979606
1796.59432387	-0.296075319648
1804.20701169	-0.427586020201
1811.8196995	-0.576896841214
1819.43238731	-0.708574589198
1827.04507513	-0.814679090111
1834.65776294	-0.892943021393
1842.27045075	-0.945221598034
1849.88313856	-0.974840890745
1857.49582638	-0.993407723827
1865.10851419	-0.987824864681
1872.721202	-0.971486333772
1880.33388982	-0.949088531293
1887.94657763	-0.755492557496
1895.55926544	-0.596114632234
1903.17195326	-0.478508737236
1910.78464107	-0.410003892343
1918.39732888	-0.413856772028
1926.01001669	-0.416693444584
1933.62270451	-0.405412338088
1941.23539232	-0.372346398427
1948.84808013	-0.30554975241
1956.46076795	-0.218787077931
1964.07345576	-0.117731846885
1971.68614357	-0.0190994982453
1979.29883139	0.0382402544523
1986.9115192	-0.0451913335388
1994.52420701	-0.232731711458
2002.13689482	-0.393989531735
2009.74958264	-0.330762079185
2017.36227045	-0.267534626635
2024.97495826	-0.204307174086
2032.58764608	-0.141079721536
2040.20033389	-0.0778522689857
2047.8130217	-0.0146248164357
2055.42570952	0.0486026361142
2063.03839733	0.111830088664
2070.65108514	0.175057541214
2078.26377295	0.238284993764
2085.87646077	0.301512446314
2093.48914858	0.154767944752
2101.10183639	-0.166507686229
2108.71452421	-0.0527705594388
2116.32721202	-0.0586849237935
2123.93989983	-0.127232295048
2131.55258765	-0.270580480378
2139.16527546	-0.566447906153
2146.77796327	-0.853005871189
2154.39065109	-1.05441748472
2162.0033389	-1.1486134972
2169.61602671	-1.1152047913
2177.22871452	-1.04942822929
2184.84140234	-1.0058982224
2192.45409015	-0.9692503808
2200.06677796	-0.918963324385
2207.67946578	-0.951257878139
2215.29215359	-1.01484243304
2222.9048414	-1.02226385246
2230.51752922	-0.911546986991
2238.13021703	-0.7339399003
2245.74290484	-0.641206836348
2253.35559265	-0.512385450989
2260.96828047	-0.287269335524
2268.58096828	0.043891387434
2276.19365609	0.0812309304987
2283.80634391	0.00961541869761
2291.41903172	-0.0824257745297
2299.03171953	-0.0818834706375
2306.64440735	-0.0457122411302
2314.25709516	-0.00434885663378
2321.86978297	0.0370145278626
2329.48247078	0.0783779123591
2337.0951586	0.119741296855
2344.70784641	0.328515415078
2352.32053422	0.702348045798
2359.93322204	1.21703478681
2367.54590985	1.0707366026
2375.15859766	0.8220134416
2382.77128548	0.784032483194
2390.38397329	1.18474820807
2397.9966611	1.40227645674
2405.60934891	1.40071346234
2413.22203673	1.41076398973
2420.83472454	1.5499590336
2428.44741235	1.74349530418
2436.06010017	2.01531353702
2443.67278798	2.11153161184
2451.28547579	1.95437973502
2458.89816361	1.58319343278
2466.51085142	1.56513370091
2474.12353923	1.70032572679
2481.73622705	1.90802542894
2489.34891486	2.09338384434
2496.96160267	1.98441545954
2504.57429048	1.89884215608
2512.1869783	1.83813696981
2519.79966611	1.75521265729
2527.41235392	1.28727396353
2535.02504174	0.963746841863
2542.63772955	0.932896469648
2550.25041736	1.29852817923
2557.86310518	1.51232557241
2565.47579299	1.94520319854
2573.0884808	2.30114036173
2580.70116861	2.39607642724
2588.31385643	2.26375115559
2595.92654424	2.25200398555
2603.53923205	2.19084402625
2611.15191987	2.07737394792
2618.76460768	2.21093710229
2626.37729549	2.42615953406
2633.98998331	2.4720788591
2641.60267112	2.35275089892
2649.21535893	2.24405089983
2656.82804674	2.0494442728
2664.44073456	1.78097803522
2672.05342237	1.58598865331
2679.66611018	1.71366369727
2687.278798	1.52229992817
2694.89148581	1.31630135113
2702.50417362	1.1103027741
2710.11686144	0.904304197058
2717.72954925	0.698305620022
2725.34223706	0.631983678676
2732.95492487	0.720065539089
2740.56761269	0.943276507363
2748.1803005	0.984262327378
2755.79298831	0.88016740257
2763.40567613	0.751721976841
2771.01836394	0.688099140029
2778.63105175	0.874470293011
2786.24373957	1.23680941181
2793.85642738	1.59759185408
2801.46911519	1.82292183636
2809.08180301	1.6453038863
2816.69449082	1.36303863824
2824.30717863	1.14632544016
2831.91986644	0.964383293128
2839.53255426	0.703710111989
2847.14524207	0.279766691815
2854.75792988	0.324415360429
2862.3706177	0.837055716276
2869.98330551	1.74866999058
2877.59599332	1.75945236066
2885.20868114	1.80966581277
2892.82136895	1.97303843137
2900.43405676	2.25345811324
2908.04674457	1.82826567635
2915.65943239	1.17064561747
2923.2721202	0.695224426126
2930.88480801	0.604884735302
2938.49749583	0.795709664197
2946.11018364	0.778185413405
2953.72287145	0.701985695026
2961.33555927	0.587680401048
2968.94824708	0.33082510317
2976.56093489	-0.0537228018559
2984.1736227	-0.0963672817843
2991.78631052	0.205020624671
2999.39899833	0.654609074881
3007.01168614	0.2847903791
3014.62437396	-0.196425069376
3022.23706177	-0.623407084532
3029.84974958	-0.856149544235
3037.4624374	-0.870566645515
3045.07512521	-0.880587934209
3052.68781302	-0.890609222903
3060.30050083	-0.900630511598
3067.91318865	-0.910651800292
3075.52587646	-0.920673088987
3083.13856427	-0.930694377681
3090.75125209	-0.940715666375
3098.3639399	-0.95073695507
3105.97662771	-0.957788756929
3113.58931553	-0.98525639842
3121.20200334	-1.01490607439
3128.81469115	-0.929281750451
3136.42737896	-0.492974046522
3144.04006678	-0.121684373506
3151.65275459	0.0270776840395
3159.2654424	-0.213050462963
3166.87813022	-0.417841954912
3174.49081803	-0.552925252627
3182.10350584	-0.592280972818
3189.71619366	-0.500966761151
3197.32888147	-0.31510368679
3204.94156928	-0.125579266948
3212.5542571	0.0639451528932
3220.16694491	0.253469572735
3227.77963272	0.442993992576
3235.39232053	0.632518412417
3243.00500835	0.822042832259
3250.61769616	1.0115672521
3258.23038397	1.20109167194
3265.84307179	1.39061609178
3273.4557596	1.5875169069
3281.06844741	1.79991731337
3288.68113523	2.05290525375
3296.29382304	2.05136573845
3303.90651085	1.93940302182
3311.51919866	1.77755433949
3319.13188648	1.63284739839
3326.74457429	1.41330651684
3334.3572621	1.05615005258
3341.96994992	0.589357719328
3349.58263773	0.0824178059083
3357.19532554	-0.169146072642
3364.80801336	-0.191439482378
3372.42070117	-0.0304871855084
3380.03338898	0.254784835768
3387.64607679	0.450987246052
3395.25876461	0.455775994987
3402.87145242	0.301146186732
3410.48414023	0.0223156364863
3418.09682805	-0.292545496148
3425.70951586	-0.59109970156
3433.32220367	-0.894113737203
3440.93489149	-1.20748213425
3448.5475793	-1.50352753958
3456.16026711	-1.68250650026
3463.77295492	-1.70585949268
3471.38564274	-1.55526320551
3478.99833055	-1.20846705372
3486.61101836	-0.813454574777
3494.22370618	-0.559718587912
3501.83639399	-0.53951697275
3509.4490818	-0.878892417648
3517.06176962	-1.56870675675
3524.67445743	-2.17752179245
3532.28714524	-2.59196246425
3539.89983306	-2.71237391302
3547.51252087	-2.48770294261
3555.12520868	-2.06916711769
3562.73789649	-1.47074575764
3570.35058431	-0.717301738462
3577.96327212	0.000722698380231
3585.57595993	0.362599329071
3593.18864775	0.359215300334
3600.80133556	0.0255061745629
3608.41402337	-0.342552156478
3616.02671119	-0.653544466012
3623.639399	-0.943996930697
3631.25208681	-1.22588703245
3638.86477462	-1.49490825737
3646.47746244	-1.71430001715
3654.09015025	-1.91245855215
3661.70283806	-2.07023306645
3669.31552588	-2.12531866058
3676.92821369	-2.1465128368
3684.5409015	-2.10882577852
3692.15358932	-2.01764338885
3699.76627713	-1.88608298735
3707.37896494	-1.71358891332
3714.99165275	-1.495035308
3722.60434057	-1.24869908794
3730.21702838	-0.993942428891
3737.82971619	-0.732611163111
3745.44240401	-0.488748133657
3753.05509182	-0.264925350787
3760.66777963	-0.0635830096271
3768.28046745	0.106808613329
3775.89315526	0.266694848279
3783.50584307	0.392002780847
3791.11853088	0.476353802493
3798.7312187	0.537238874947
3806.34390651	0.540816359401
3813.95659432	0.513701820203
3821.56928214	0.463096852728
3829.18196995	0.390462001738
3836.79465776	0.333983352056
3844.40734558	0.285635275371
3852.02003339	0.253992595946
3859.6327212	0.256145791187
3867.24540902	0.273105536817
3874.85809683	0.304053037424
3882.47078464	0.331498105221
3890.08347245	0.335885755424
3897.69616027	0.326855476163
3905.30884808	0.264488187794
3912.92153589	0.171480249804
3920.53422371	0.063012434448
3928.14691152	-0.0908500346715
3935.75959933	-0.242969925337
3943.37228715	-0.393763941092
3950.98497496	-0.540995458721
3958.59766277	-0.670730097884
3966.21035058	-0.796380001972
3973.8230384	-0.916113037728
3981.43572621	-1.03234873982
3989.04841402	-1.15483810867
3996.66110184	-1.28631923619
4004.27378965	-1.41796946613
4011.88647746	-1.54855131893
4019.49916528	-1.67853536854
4027.11185309	-1.76924977382
4034.7245409	-1.84152921702
4042.33722871	-1.88485054906
4049.94991653	-1.88443018355
4057.56260434	-1.68762929531
4065.17529215	-1.4734145104
4072.78797997	-1.23907010004
4080.40066778	-0.984034493181
4088.01335559	-0.747197990547
4095.62604341	-0.52870219544
4103.23873122	-0.336310407016
4110.85141903	-0.174983259986
4118.46410684	-0.049845996651
4126.07679466	0.0500244734828
4133.68948247	0.136788778312
4141.30217028	0.214984526496
4148.9148581	0.286285170816
4156.52754591	0.301350606403
4164.14023372	0.307067477878
4171.75292154	0.312784349353
4179.36560935	0.318501220828
4186.97829716	0.324218092304
4194.59098497	0.328785738884
4202.20367279	0.332596986534
4209.8163606	0.336408234184
4217.42904841	0.336500172176
4225.04173623	0.336500172176
4232.65442404	0.334506789359
4240.26711185	0.32872305389
4247.87979967	0.32110055859
4255.49248748	0.309353390668
4263.10517529	0.295236729964
4270.71786311	0.279452648413
4278.33055092	0.258490786338
4285.94323873	0.236041200399
4293.55592654	0.211393460662
4301.16861436	0.184422197138
4308.78130217	0.155837839762
4316.39398998	0.127253482387
4324.0066778	0.0986691250109
4331.61936561	0.070490130598
4339.23205342	0.0438113970473
4346.84474124	0.0171326634966
4354.45742905	-0.00619869136134
4362.07011686	-0.0271605534369
4369.68280467	-0.0481224155124
4377.29549249	-0.0636056090909
4384.9081803	-0.0776219738041
4392.52086811	-0.0896992826953
4400.13355593	-0.0991605378267
4407.74624374	-0.104877409302
4415.35893155	-0.110594280777
4422.97161937	-0.114823428389
4430.58430718	-0.1168753172
4438.19699499	-0.12068656485
4445.8096828	-0.123043520634
4453.42237062	-0.12580583938
4461.03505843	-0.12961708703
4468.64774624	-0.133428334681
4476.26043406	-0.135672457475
4483.87312187	-0.138547609211
4491.48580968	-0.142358856861
4499.0984975	-0.146170104511
4506.71118531	-0.149981352161
4514.32387312	-0.153792599811
4521.93656093	-0.157603847461
4529.54924875	-0.161415095111
4537.16193656	-0.165226342761
4544.77462437	-0.169037590411
4552.38731219	-0.172848838061
4560.0	-0.176660085712
