0.59	24.103
0.73	24.103
0.90	24.514
1.12	24.514
1.39	24.514
1.71	24.639
2.11	26.049
2.60	27.550
3.20	28.551
3.93	31.865
4.84	34.835
5.95	37.577
7.31	44.829
8.98	55.699
11.02	70.160
13.55	93.613
16.63	125.503
20.42	178.318
25.07	249.247
30.80	348.677
37.77	467.078
46.38	602.463
56.88	744.611
69.84	886.477
85.72	1008.900
105.27	1102.155
129.18	1165.617
158.49	1209.666
194.42	1238.230
238.69	1255.696
292.95	1266.791
359.20	1275.636
441.38	1282.298
541.54	1285.857
664.24	1288.967
815.20	1292.064
1000.33	1296.334
