0.59	13.897
0.73	13.897
0.90	13.897
1.12	13.897
1.39	13.897
1.71	14.379
2.11	15.414
2.60	15.414
3.20	15.434
3.93	16.891
4.84	18.248
5.95	21.712
7.31	23.877
8.98	28.720
11.02	35.165
13.55	46.504
16.63	62.925
20.42	88.922
25.07	126.585
30.80	179.017
37.77	241.326
46.38	309.068
56.88	377.303
69.84	442.803
85.72	496.805
105.27	536.720
129.18	559.058
158.48	573.510
194.43	584.495
238.70	590.455
292.95	595.735
359.19	600.451
441.38	603.425
541.52	603.700
664.25	606.695
815.22	608.813
1000.34	610.464
