0.59	21.284
0.73	21.284
0.90	21.284
1.12	21.284
1.39	21.284
1.71	21.284
2.11	23.443
2.60	23.443
3.20	24.242
3.93	27.638
4.84	29.511
5.95	31.882
7.31	39.892
8.98	47.462
11.02	58.054
13.55	75.950
16.62	103.695
20.42	148.473
25.07	209.469
30.79	290.377
37.77	391.484
46.38	506.033
56.88	624.161
69.84	743.427
85.71	847.277
105.26	923.293
129.18	974.305
158.48	1009.862
194.42	1033.128
238.68	1048.466
292.94	1057.012
359.19	1063.379
441.37	1066.851
541.51	1070.738
664.21	1074.139
815.16	1076.734
1000.28	1078.891
