0.59	19.442
0.73	21.228
0.90	21.228
1.12	21.228
1.39	21.228
1.71	21.228
2.11	21.228
2.60	21.685
3.20	23.854
3.93	25.029
4.84	27.356
5.95	31.154
7.31	36.454
8.98	41.860
11.02	55.177
13.55	71.557
16.62	94.330
20.42	133.110
25.07	185.305
30.79	253.433
37.77	332.312
46.38	418.319
56.88	504.230
69.84	586.988
85.72	655.337
105.26	702.068
129.18	732.318
158.48	752.076
194.42	763.978
238.69	772.791
292.94	779.393
359.17	783.540
441.34	785.774
541.51	787.886
664.21	789.668
815.17	789.668
1000.29	792.566
