0.59	52.419
0.73	52.419
0.90	52.419
1.12	52.419
1.39	53.945
1.71	56.435
2.11	57.111
2.60	61.637
3.20	64.137
3.93	71.631
4.84	79.988
5.95	92.550
7.31	112.350
8.98	143.498
11.03	190.044
13.55	259.431
16.63	363.314
20.42	534.855
25.07	766.971
30.80	1075.768
37.78	1463.961
46.38	1905.500
56.88	2368.873
69.84	2808.413
85.72	3180.287
105.27	3464.757
129.19	3667.617
158.49	3802.176
194.43	3890.696
238.70	3948.458
292.96	3983.454
359.20	4005.584
441.39	4020.704
541.54	4030.381
664.26	4036.630
815.22	4038.923
1000.35	4042.362
