0.59	26.485
0.73	26.485
0.90	26.485
1.12	27.864
1.39	27.864
1.71	28.248
2.11	28.343
2.60	31.720
3.20	33.372
3.93	37.405
4.84	42.681
5.95	50.161
7.31	60.748
8.98	74.885
11.02	97.407
13.55	127.629
16.62	172.907
20.42	241.026
25.07	327.784
30.80	436.606
37.77	565.280
46.38	707.043
56.88	847.142
69.84	979.345
85.71	1090.036
105.26	1174.683
129.17	1233.207
158.48	1274.154
194.41	1300.512
238.68	1316.872
292.93	1328.306
359.19	1337.498
441.34	1343.251
541.50	1346.019
664.21	1349.199
815.17	1349.804
1000.27	1352.785
