0.59	20.387
0.73	20.387
0.90	20.387
1.12	20.387
1.39	21.885
1.71	21.898
2.11	22.792
2.60	23.373
3.20	23.863
3.93	26.115
4.84	27.710
5.95	30.345
7.31	35.932
8.98	43.865
11.02	52.864
13.55	69.194
16.62	93.000
20.42	133.202
25.07	185.574
30.79	253.485
37.77	329.852
46.38	413.689
56.88	491.923
69.84	565.359
85.71	624.245
105.26	663.246
129.18	686.910
158.48	698.503
194.42	708.570
238.69	715.041
292.94	718.948
359.19	722.601
441.34	724.858
541.51	728.119
664.22	728.888
815.17	730.753
1000.29	732.740
