0.59	30.313
0.73	30.313
0.90	31.193
1.12	31.193
1.39	31.193
1.71	31.230
2.11	32.464
2.60	32.836
3.20	34.683
3.93	36.744
4.84	39.233
5.95	42.958
7.31	48.900
8.98	57.205
11.02	71.366
13.55	90.955
16.63	122.349
20.42	171.923
25.07	236.923
30.79	318.517
37.77	416.664
46.38	519.460
56.88	618.733
69.84	709.712
85.72	779.301
105.26	827.975
129.18	855.616
158.48	871.877
194.42	883.476
238.69	890.556
292.95	893.157
359.18	897.582
441.37	901.777
541.52	903.036
664.23	905.568
815.19	906.972
1000.32	908.505
