0.59	50.735
0.73	50.735
0.90	52.093
1.12	52.093
1.39	52.931
1.71	53.279
2.11	53.279
2.60	54.852
3.20	56.992
3.93	59.982
4.84	64.727
5.95	69.666
7.31	79.147
8.98	92.995
11.03	113.281
13.55	143.019
16.63	188.051
20.43	264.377
25.08	361.169
30.80	483.175
37.78	627.692
46.39	773.758
56.89	914.095
69.85	1033.725
85.73	1124.311
105.28	1183.984
129.19	1219.182
158.50	1242.491
194.45	1253.708
238.73	1263.943
293.00	1270.569
359.21	1273.543
441.41	1277.927
541.57	1282.210
664.30	1284.627
815.29	1287.105
1000.43	1288.764
