0.59	43.562
0.73	43.562
0.90	43.562
1.12	43.562
1.39	43.562
1.71	46.321
2.11	47.851
2.60	49.901
3.20	51.095
3.93	54.120
4.84	58.679
5.95	66.017
7.31	74.590
8.98	89.427
11.02	112.594
13.55	144.961
16.63	196.081
20.42	281.809
25.07	389.226
30.80	526.685
37.77	682.720
46.38	846.296
56.88	995.775
69.84	1127.319
85.72	1230.202
105.27	1297.786
129.18	1338.050
158.48	1361.288
194.43	1375.149
238.70	1385.636
292.95	1392.801
359.20	1398.120
441.38	1403.107
541.53	1406.125
664.26	1408.760
815.21	1410.757
1000.35	1412.092
