0.59	37.374
0.73	37.374
0.90	38.888
1.12	38.888
1.39	40.448
1.71	40.448
2.11	41.453
2.60	42.586
3.20	45.765
3.93	49.136
4.84	51.510
5.95	58.428
7.31	71.296
8.98	85.302
11.02	109.804
13.55	144.395
16.63	197.149
20.42	282.378
25.07	390.751
30.80	528.860
37.78	682.662
46.38	841.545
56.89	985.653
69.84	1107.224
85.72	1198.395
105.27	1259.341
129.19	1296.676
158.49	1316.603
194.43	1331.306
238.70	1338.588
292.96	1346.354
359.21	1350.579
441.40	1353.721
541.54	1356.455
664.26	1359.281
815.23	1363.074
1000.34	1365.464
