0.59	42.990
0.73	43.989
0.90	44.260
1.12	45.480
1.39	45.480
1.71	46.206
2.11	46.655
2.60	49.924
3.20	50.147
3.93	55.517
4.84	58.795
5.95	65.331
7.31	75.242
8.98	89.466
11.02	109.800
13.55	143.154
16.62	190.895
20.42	269.783
25.07	373.285
30.79	498.168
37.77	646.872
46.38	802.678
56.88	948.347
69.84	1075.189
85.72	1170.748
105.26	1237.234
129.18	1276.105
158.48	1300.522
194.42	1314.737
238.69	1322.565
292.94	1330.892
359.18	1334.329
441.37	1338.607
541.50	1340.783
664.22	1342.707
815.17	1346.060
1000.29	1348.569
