0.59	43.261
0.73	43.261
0.90	43.725
1.12	44.366
1.39	45.568
1.71	46.140
2.11	47.550
2.60	50.951
3.20	52.099
3.93	55.381
4.84	60.220
5.95	67.689
7.31	78.240
8.98	93.402
11.02	118.762
13.55	156.956
16.62	212.314
20.42	301.332
25.07	415.000
30.79	559.423
37.77	722.714
46.38	888.212
56.88	1040.329
69.83	1169.605
85.71	1269.760
105.26	1333.631
129.17	1373.279
158.47	1397.238
194.41	1413.557
238.68	1423.031
292.93	1430.069
359.17	1434.663
441.34	1437.577
541.49	1442.252
664.20	1445.292
815.15	1448.280
1000.26	1450.837
