0.59	43.165
0.73	43.165
0.90	43.165
1.12	43.165
1.39	43.361
1.71	46.131
2.11	47.243
2.60	49.142
3.20	51.393
3.93	54.062
4.84	58.738
5.95	65.916
7.31	78.095
8.98	91.979
11.02	119.094
13.55	156.161
16.62	213.030
20.42	305.931
25.07	423.971
30.79	575.246
37.77	748.570
46.38	928.712
56.88	1098.179
69.83	1244.329
85.71	1355.702
105.26	1432.044
129.17	1478.649
158.47	1508.155
194.41	1525.329
238.68	1535.465
292.93	1544.623
359.17	1546.459
441.33	1552.755
541.49	1553.821
664.19	1557.744
815.15	1560.401
1000.27	1561.189
