0.59	34.328
0.73	34.328
0.90	35.172
1.12	35.172
1.39	35.172
1.71	35.172
2.11	35.218
2.60	37.461
3.20	39.161
3.93	41.868
4.84	45.241
5.95	49.896
7.31	58.289
8.98	68.571
11.02	85.193
13.55	112.539
16.63	150.541
20.42	212.986
25.07	293.263
30.79	393.419
37.77	511.149
46.38	633.126
56.88	747.925
69.84	850.113
85.72	927.670
105.26	983.557
129.18	1020.295
158.48	1040.335
194.42	1055.466
238.69	1064.691
292.94	1070.546
359.18	1077.303
441.35	1079.091
541.51	1084.165
664.22	1086.416
815.18	1088.356
1000.30	1089.647
