0.59	27.779
0.73	28.532
0.90	28.532
1.12	28.532
1.39	28.532
1.71	30.735
2.11	30.735
2.60	31.816
3.20	32.118
3.93	35.138
4.84	38.885
5.95	44.506
7.31	49.874
8.98	57.383
11.02	74.776
13.55	97.449
16.63	132.234
20.42	187.194
25.07	259.014
30.80	348.664
37.77	455.387
46.38	563.995
56.88	666.386
69.84	755.450
85.72	826.214
105.26	876.735
129.18	907.986
158.49	926.436
194.43	939.823
238.70	947.673
292.95	952.712
359.20	957.721
441.38	959.894
541.53	963.459
664.25	966.099
815.21	969.097
1000.34	970.554
