0.59	42.752
0.73	42.752
0.90	42.752
1.12	42.752
1.39	42.752
1.71	44.574
2.11	45.048
2.60	46.489
3.20	49.265
3.93	51.658
4.84	57.363
5.95	63.881
7.31	72.555
8.98	87.267
11.02	107.192
13.55	140.416
16.62	189.089
20.42	270.497
25.07	371.348
30.79	499.304
37.77	648.760
46.38	804.143
56.88	947.750
69.84	1075.067
85.72	1168.913
105.26	1234.967
129.18	1276.465
158.48	1302.009
194.42	1315.775
238.69	1327.559
292.94	1332.748
359.18	1338.164
441.35	1342.212
541.50	1346.589
664.22	1349.376
815.19	1351.721
1000.29	1355.339
