0.59	33.924
0.73	33.924
0.90	35.073
1.12	35.073
1.39	35.932
1.71	35.932
2.11	36.205
2.60	39.122
3.20	40.827
3.93	42.465
4.84	47.630
5.95	52.906
7.31	62.591
8.98	75.899
11.02	94.373
13.55	124.683
16.63	171.024
20.42	241.707
25.07	335.066
30.80	452.336
37.77	587.217
46.38	723.982
56.88	855.746
69.84	970.156
85.72	1060.267
105.26	1121.679
129.18	1162.802
158.49	1188.528
194.42	1202.631
238.69	1212.416
292.95	1220.218
359.19	1225.972
441.40	1230.213
541.53	1233.331
664.25	1236.882
815.19	1239.662
1000.33	1243.383
