0.59	34.621
0.73	34.621
0.90	34.874
1.12	34.874
1.39	35.202
1.71	36.586
2.11	37.953
2.60	38.637
3.20	41.088
3.93	44.083
4.84	45.997
5.95	53.729
7.31	62.728
8.98	74.497
11.02	94.451
13.55	122.301
16.62	168.067
20.42	239.003
25.07	330.779
30.80	448.514
37.77	581.797
46.38	718.546
56.88	847.642
69.84	958.594
85.71	1044.021
105.26	1101.761
129.17	1137.767
158.47	1159.025
194.41	1175.575
238.68	1184.621
292.93	1191.260
359.18	1195.371
441.34	1197.768
541.50	1200.939
664.20	1203.849
815.15	1207.001
1000.27	1210.039
