0.59	35.536
0.73	35.536
0.90	35.536
1.12	35.536
1.39	35.749
1.71	36.181
2.11	38.250
2.60	39.070
3.20	42.503
3.93	44.896
4.84	47.203
5.95	54.366
7.31	62.322
8.98	76.304
11.02	97.340
13.55	126.741
16.63	174.081
20.42	250.473
25.07	346.482
30.79	469.219
37.77	611.188
46.38	756.017
56.88	895.033
69.84	1014.802
85.72	1106.842
105.27	1169.993
129.18	1213.460
158.48	1237.669
194.42	1255.272
238.70	1266.346
292.95	1271.421
359.18	1278.731
441.38	1282.576
541.52	1286.647
664.23	1290.278
815.20	1292.518
1000.31	1295.744
